40100.0,2.0,1.0,8.0
40100.0,2.0,2.0,8.0
40100.0,2.0,3.0,8.0
40100.0,2.0,4.0,8.0
40100.0,2.0,5.0,8.0
40100.0,2.0,6.0,8.0
40100.0,3.0,7.0,8.0
40100.0,2.0,8.0,8.0
40100.0,2.0,9.0,8.0
40100.0,2.0,10.0,8.0
40100.0,2.0,11.0,8.0
40100.0,2.0,12.0,8.0
40100.0,2.0,13.0,8.0
40100.0,2.0,14.0,8.0
40100.0,2.0,15.0,8.0
40100.0,3.0,16.0,8.0
40100.0,2.0,17.0,8.0
40100.0,2.0,18.0,8.0
40100.0,2.0,19.0,8.0
40100.0,2.0,20.0,8.0
40200.0,2.0,1.0,8.0
40200.0,2.0,2.0,8.0
40200.0,2.0,3.0,8.0
40200.0,2.0,4.0,8.0
40200.0,2.0,5.0,8.0
40200.0,2.0,6.0,8.0
40200.0,2.0,7.0,8.0
40200.0,2.0,8.0,8.0
40200.0,3.0,9.0,8.0
40200.0,2.0,10.0,8.0
40200.0,3.0,11.0,8.0
40200.0,3.0,12.0,8.0
40200.0,3.0,13.0,8.0
40200.0,3.0,14.0,8.0
40200.0,3.0,15.0,8.0
40200.0,3.0,16.0,8.0
40200.0,3.0,17.0,8.0
40200.0,3.0,18.0,8.0
40200.0,3.0,19.0,8.0
40200.0,3.0,20.0,8.0
40300.0,2.0,1.0,8.0
40300.0,2.0,2.0,8.0
40300.0,3.0,3.0,8.0
40300.0,3.0,4.0,8.0
40300.0,3.0,5.0,8.0
40300.0,3.0,6.0,8.0
40300.0,3.0,7.0,8.0
40300.0,2.0,8.0,8.0
40300.0,3.0,9.0,8.0
40300.0,2.0,10.0,8.0
40300.0,2.0,11.0,8.0
40300.0,3.0,12.0,8.0
40300.0,4.0,13.0,8.0
40300.0,4.0,14.0,8.0
40300.0,5.0,15.0,8.0
40300.0,5.0,16.0,8.0
40300.0,5.0,17.0,8.0
40300.0,5.0,18.0,8.0
40300.0,5.0,19.0,8.0
40300.0,4.0,20.0,8.0
40400.0,2.0,1.0,8.0
40400.0,2.0,2.0,8.0
40400.0,2.0,3.0,8.0
40400.0,2.0,4.0,8.0
40400.0,2.0,5.0,8.0
40400.0,2.0,6.0,8.0
40400.0,2.0,7.0,8.0
40400.0,2.0,8.0,8.0
40400.0,2.0,9.0,8.0
40400.0,2.0,10.0,8.0
40400.0,2.0,11.0,8.0
40400.0,2.0,12.0,8.0
40400.0,2.0,13.0,8.0
40400.0,2.0,14.0,8.0
40400.0,2.0,15.0,8.0
40400.0,2.0,16.0,8.0
40400.0,2.0,17.0,8.0
40400.0,2.0,18.0,8.0
40400.0,2.0,19.0,8.0
40400.0,2.0,20.0,8.0
40500.0,1.0,1.0,8.0
40500.0,1.0,2.0,8.0
40500.0,1.0,3.0,8.0
40500.0,1.0,4.0,8.0
40500.0,1.0,5.0,8.0
40500.0,1.0,6.0,8.0
40500.0,1.0,7.0,8.0
40500.0,1.0,8.0,8.0
40500.0,1.0,9.0,8.0
40500.0,1.0,10.0,8.0
40500.0,1.0,11.0,8.0
40500.0,1.0,12.0,8.0
40500.0,1.0,13.0,8.0
40500.0,1.0,14.0,8.0
40500.0,1.0,15.0,8.0
40500.0,1.0,16.0,8.0
40500.0,1.0,17.0,8.0
40500.0,1.0,18.0,8.0
40500.0,1.0,19.0,8.0
40500.0,1.0,20.0,8.0
40600.0,1.0,1.0,8.0
40600.0,1.0,2.0,8.0
40600.0,1.0,3.0,8.0
40600.0,1.0,4.0,8.0
40600.0,0.0,5.0,8.0
40600.0,1.0,6.0,8.0
40600.0,1.0,7.0,8.0
40600.0,1.0,8.0,8.0
40600.0,1.0,9.0,8.0
40600.0,1.0,10.0,8.0
40600.0,1.0,11.0,8.0
40600.0,1.0,12.0,8.0
40600.0,1.0,13.0,8.0
40600.0,1.0,14.0,8.0
40600.0,1.0,15.0,8.0
40600.0,1.0,16.0,8.0
40600.0,2.0,17.0,8.0
40600.0,1.0,18.0,8.0
40600.0,1.0,19.0,8.0
40600.0,1.0,20.0,8.0
40700.0,5.0,1.0,8.0
40700.0,5.0,2.0,8.0
40700.0,4.0,3.0,8.0
40700.0,3.0,4.0,8.0
40700.0,3.0,5.0,8.0
40700.0,4.0,6.0,8.0
40700.0,3.0,7.0,8.0
40700.0,3.0,8.0,8.0
40700.0,3.0,9.0,8.0
40700.0,3.0,10.0,8.0
40700.0,4.0,11.0,8.0
40700.0,2.0,12.0,8.0
40700.0,3.0,13.0,8.0
40700.0,2.0,14.0,8.0
40700.0,3.0,15.0,8.0
40700.0,3.0,16.0,8.0
40700.0,3.0,17.0,8.0
40700.0,3.0,18.0,8.0
40700.0,3.0,19.0,8.0
40700.0,3.0,20.0,8.0
40800.0,1.0,1.0,8.0
40800.0,1.0,2.0,8.0
40800.0,2.0,3.0,8.0
40800.0,3.0,4.0,8.0
40800.0,3.0,5.0,8.0
40800.0,3.0,6.0,8.0
40800.0,3.0,7.0,8.0
40800.0,3.0,8.0,8.0
40800.0,3.0,9.0,8.0
40800.0,3.0,10.0,8.0
40800.0,3.0,11.0,8.0
40800.0,3.0,12.0,8.0
40800.0,3.0,13.0,8.0
40800.0,3.0,14.0,8.0
40800.0,3.0,15.0,8.0
40800.0,3.0,16.0,8.0
40800.0,3.0,17.0,8.0
40800.0,3.0,18.0,8.0
40800.0,3.0,19.0,8.0
40800.0,3.0,20.0,8.0
40900.0,1.0,1.0,8.0
40900.0,1.0,2.0,8.0
40900.0,2.0,3.0,8.0
40900.0,2.0,4.0,8.0
40900.0,1.0,5.0,8.0
40900.0,1.0,6.0,8.0
40900.0,1.0,7.0,8.0
40900.0,1.0,8.0,8.0
40900.0,1.0,9.0,8.0
40900.0,2.0,10.0,8.0
40900.0,1.0,11.0,8.0
40900.0,1.0,12.0,8.0
40900.0,1.0,13.0,8.0
40900.0,1.0,14.0,8.0
40900.0,1.0,15.0,8.0
40900.0,1.0,16.0,8.0
40900.0,1.0,17.0,8.0
40900.0,1.0,18.0,8.0
40900.0,1.0,19.0,8.0
40900.0,1.0,20.0,8.0
41000.0,3.0,1.0,8.0
41000.0,3.0,2.0,8.0
41000.0,4.0,3.0,8.0
41000.0,4.0,4.0,8.0
41000.0,4.0,5.0,8.0
41000.0,5.0,6.0,8.0
41000.0,5.0,7.0,8.0
41000.0,5.0,8.0,8.0
41000.0,5.0,9.0,8.0
41000.0,5.0,10.0,8.0
41000.0,5.0,11.0,8.0
41000.0,5.0,12.0,8.0
41000.0,5.0,13.0,8.0
41000.0,5.0,14.0,8.0
41000.0,6.0,15.0,8.0
41000.0,5.0,16.0,8.0
41000.0,5.0,17.0,8.0
41000.0,5.0,18.0,8.0
41000.0,6.0,19.0,8.0
41000.0,6.0,20.0,8.0
41100.0,1.0,1.0,8.0
41100.0,1.0,2.0,8.0
41100.0,2.0,3.0,8.0
41100.0,3.0,4.0,8.0
41100.0,3.0,5.0,8.0
41100.0,3.0,6.0,8.0
41100.0,4.0,7.0,8.0
41100.0,3.0,8.0,8.0
41100.0,3.0,9.0,8.0
41100.0,2.0,10.0,8.0
41100.0,2.0,11.0,8.0
41100.0,2.0,12.0,8.0
41100.0,2.0,13.0,8.0
41100.0,2.0,14.0,8.0
41100.0,2.0,15.0,8.0
41100.0,2.0,16.0,8.0
41100.0,2.0,17.0,8.0
41100.0,2.0,18.0,8.0
41100.0,2.0,19.0,8.0
41100.0,2.0,20.0,8.0
41200.0,0.0,1.0,8.0
41200.0,0.0,2.0,8.0
41200.0,1.0,3.0,8.0
41200.0,0.0,4.0,8.0
41200.0,0.0,5.0,8.0
41200.0,0.0,6.0,8.0
41200.0,1.0,7.0,8.0
41200.0,1.0,8.0,8.0
41200.0,1.0,9.0,8.0
41200.0,1.0,10.0,8.0
41200.0,1.0,11.0,8.0
41200.0,2.0,12.0,8.0
41200.0,2.0,13.0,8.0
41200.0,2.0,14.0,8.0
41200.0,2.0,15.0,8.0
41200.0,2.0,16.0,8.0
41200.0,2.0,17.0,8.0
41200.0,2.0,18.0,8.0
41200.0,2.0,19.0,8.0
41200.0,2.0,20.0,8.0
41300.0,3.0,1.0,8.0
41300.0,3.0,2.0,8.0
41300.0,4.0,3.0,8.0
41300.0,4.0,4.0,8.0
41300.0,4.0,5.0,8.0
41300.0,4.0,6.0,8.0
41300.0,4.0,7.0,8.0
41300.0,4.0,8.0,8.0
41300.0,4.0,9.0,8.0
41300.0,4.0,10.0,8.0
41300.0,3.0,11.0,8.0
41300.0,4.0,12.0,8.0
41300.0,4.0,13.0,8.0
41300.0,4.0,14.0,8.0
41300.0,5.0,15.0,8.0
41300.0,4.0,16.0,8.0
41300.0,5.0,17.0,8.0
41300.0,5.0,18.0,8.0
41300.0,5.0,19.0,8.0
41300.0,5.0,20.0,8.0
41400.0,3.0,1.0,8.0
41400.0,3.0,2.0,8.0
41400.0,2.0,3.0,8.0
41400.0,3.0,4.0,8.0
41400.0,3.0,5.0,8.0
41400.0,4.0,6.0,8.0
41400.0,3.0,7.0,8.0
41400.0,3.0,8.0,8.0
41400.0,3.0,9.0,8.0
41400.0,3.0,10.0,8.0
41400.0,3.0,11.0,8.0
41400.0,3.0,12.0,8.0
41400.0,3.0,13.0,8.0
41400.0,3.0,14.0,8.0
41400.0,3.0,15.0,8.0
41400.0,3.0,16.0,8.0
41400.0,4.0,17.0,8.0
41400.0,4.0,18.0,8.0
41400.0,3.0,19.0,8.0
41400.0,4.0,20.0,8.0
41500.0,2.0,1.0,8.0
41500.0,2.0,2.0,8.0
41500.0,1.0,3.0,8.0
41500.0,2.0,4.0,8.0
41500.0,2.0,5.0,8.0
41500.0,2.0,6.0,8.0
41500.0,2.0,7.0,8.0
41500.0,2.0,8.0,8.0
41500.0,2.0,9.0,8.0
41500.0,2.0,10.0,8.0
41500.0,2.0,11.0,8.0
41500.0,2.0,12.0,8.0
41500.0,2.0,13.0,8.0
41500.0,2.0,14.0,8.0
41500.0,2.0,15.0,8.0
41500.0,2.0,16.0,8.0
41500.0,3.0,17.0,8.0
41500.0,3.0,18.0,8.0
41500.0,3.0,19.0,8.0
41500.0,3.0,20.0,8.0
41600.0,2.0,1.0,8.0
41600.0,2.0,2.0,8.0
41600.0,2.0,3.0,8.0
41600.0,2.0,4.0,8.0
41600.0,2.0,5.0,8.0
41600.0,2.0,6.0,8.0
41600.0,2.0,7.0,8.0
41600.0,2.0,8.0,8.0
41600.0,3.0,9.0,8.0
41600.0,3.0,10.0,8.0
41600.0,3.0,11.0,8.0
41600.0,3.0,12.0,8.0
41600.0,3.0,13.0,8.0
41600.0,3.0,14.0,8.0
41600.0,3.0,15.0,8.0
41600.0,3.0,16.0,8.0
41600.0,2.0,17.0,8.0
41600.0,2.0,18.0,8.0
41600.0,2.0,19.0,8.0
41600.0,2.0,20.0,8.0
41700.0,3.0,1.0,8.0
41700.0,3.0,2.0,8.0
41700.0,1.0,3.0,8.0
41700.0,1.0,4.0,8.0
41700.0,1.0,5.0,8.0
41700.0,2.0,6.0,8.0
41700.0,2.0,7.0,8.0
41700.0,2.0,8.0,8.0
41700.0,2.0,9.0,8.0
41700.0,2.0,10.0,8.0
41700.0,3.0,11.0,8.0
41700.0,3.0,12.0,8.0
41700.0,3.0,13.0,8.0
41700.0,3.0,14.0,8.0
41700.0,3.0,15.0,8.0
41700.0,3.0,16.0,8.0
41700.0,3.0,17.0,8.0
41700.0,3.0,18.0,8.0
41700.0,3.0,19.0,8.0
41700.0,3.0,20.0,8.0
41800.0,2.0,1.0,8.0
41800.0,2.0,2.0,8.0
41800.0,2.0,3.0,8.0
41800.0,2.0,4.0,8.0
41800.0,2.0,5.0,8.0
41800.0,2.0,6.0,8.0
41800.0,2.0,7.0,8.0
41800.0,3.0,8.0,8.0
41800.0,3.0,9.0,8.0
41800.0,3.0,10.0,8.0
41800.0,3.0,11.0,8.0
41800.0,3.0,12.0,8.0
41800.0,3.0,13.0,8.0
41800.0,3.0,14.0,8.0
41800.0,3.0,15.0,8.0
41800.0,3.0,16.0,8.0
41800.0,3.0,17.0,8.0
41800.0,3.0,18.0,8.0
41800.0,3.0,19.0,8.0
41800.0,3.0,20.0,8.0
41900.0,2.0,1.0,8.0
41900.0,2.0,2.0,8.0
41900.0,1.0,3.0,8.0
41900.0,1.0,4.0,8.0
41900.0,1.0,5.0,8.0
41900.0,1.0,6.0,8.0
41900.0,2.0,7.0,8.0
41900.0,2.0,8.0,8.0
41900.0,2.0,9.0,8.0
41900.0,3.0,10.0,8.0
41900.0,3.0,11.0,8.0
41900.0,3.0,12.0,8.0
41900.0,3.0,13.0,8.0
41900.0,3.0,14.0,8.0
41900.0,3.0,15.0,8.0
41900.0,3.0,16.0,8.0
41900.0,3.0,17.0,8.0
41900.0,3.0,18.0,8.0
41900.0,3.0,19.0,8.0
41900.0,3.0,20.0,8.0
42000.0,2.0,1.0,8.0
42000.0,2.0,2.0,8.0
42000.0,2.0,3.0,8.0
42000.0,3.0,4.0,8.0
42000.0,2.0,5.0,8.0
42000.0,1.0,6.0,8.0
42000.0,2.0,7.0,8.0
42000.0,1.0,8.0,8.0
42000.0,2.0,9.0,8.0
42000.0,1.0,10.0,8.0
42000.0,2.0,11.0,8.0
42000.0,2.0,12.0,8.0
42000.0,2.0,13.0,8.0
42000.0,2.0,14.0,8.0
42000.0,2.0,15.0,8.0
42000.0,1.0,16.0,8.0
42000.0,2.0,17.0,8.0
42000.0,2.0,18.0,8.0
42000.0,2.0,19.0,8.0
42000.0,2.0,20.0,8.0
42100.0,4.0,1.0,8.0
42100.0,4.0,2.0,8.0
42100.0,1.0,3.0,8.0
42100.0,2.0,4.0,8.0
42100.0,1.0,5.0,8.0
42100.0,2.0,6.0,8.0
42100.0,1.0,7.0,8.0
42100.0,3.0,8.0,8.0
42100.0,1.0,9.0,8.0
42100.0,3.0,10.0,8.0
42100.0,3.0,11.0,8.0
42100.0,2.0,12.0,8.0
42100.0,2.0,13.0,8.0
42100.0,2.0,14.0,8.0
42100.0,2.0,15.0,8.0
42100.0,2.0,16.0,8.0
42100.0,2.0,17.0,8.0
42100.0,2.0,18.0,8.0
42100.0,2.0,19.0,8.0
42100.0,2.0,20.0,8.0
42200.0,2.0,1.0,8.0
42200.0,2.0,2.0,8.0
42200.0,1.0,3.0,8.0
42200.0,1.0,4.0,8.0
42200.0,1.0,5.0,8.0
42200.0,1.0,6.0,8.0
42200.0,1.0,7.0,8.0
42200.0,1.0,8.0,8.0
42200.0,2.0,9.0,8.0
42200.0,1.0,10.0,8.0
42200.0,2.0,11.0,8.0
42200.0,2.0,12.0,8.0
42200.0,2.0,13.0,8.0
42200.0,2.0,14.0,8.0
42200.0,2.0,15.0,8.0
42200.0,2.0,16.0,8.0
42200.0,2.0,17.0,8.0
42200.0,2.0,18.0,8.0
42200.0,2.0,19.0,8.0
42200.0,2.0,20.0,8.0
42300.0,1.0,1.0,8.0
42300.0,1.0,2.0,8.0
42300.0,0.0,3.0,8.0
42300.0,1.0,4.0,8.0
42300.0,1.0,5.0,8.0
42300.0,1.0,6.0,8.0
42300.0,0.0,7.0,8.0
42300.0,1.0,8.0,8.0
42300.0,2.0,9.0,8.0
42300.0,1.0,10.0,8.0
42300.0,2.0,11.0,8.0
42300.0,1.0,12.0,8.0
42300.0,2.0,13.0,8.0
42300.0,2.0,14.0,8.0
42300.0,2.0,15.0,8.0
42300.0,2.0,16.0,8.0
42300.0,3.0,17.0,8.0
42300.0,3.0,18.0,8.0
42300.0,3.0,19.0,8.0
42300.0,3.0,20.0,8.0
42400.0,2.0,1.0,8.0
42400.0,2.0,2.0,8.0
42400.0,2.0,3.0,8.0
42400.0,2.0,4.0,8.0
42400.0,2.0,5.0,8.0
42400.0,3.0,6.0,8.0
42400.0,2.0,7.0,8.0
42400.0,2.0,8.0,8.0
42400.0,3.0,9.0,8.0
42400.0,3.0,10.0,8.0
42400.0,4.0,11.0,8.0
42400.0,4.0,12.0,8.0
42400.0,4.0,13.0,8.0
42400.0,4.0,14.0,8.0
42400.0,4.0,15.0,8.0
42400.0,4.0,16.0,8.0
42400.0,4.0,17.0,8.0
42400.0,4.0,18.0,8.0
42400.0,4.0,19.0,8.0
42400.0,4.0,20.0,8.0
42500.0,4.0,1.0,8.0
42500.0,4.0,2.0,8.0
42500.0,4.0,3.0,8.0
42500.0,4.0,4.0,8.0
42500.0,5.0,5.0,8.0
42500.0,5.0,6.0,8.0
42500.0,5.0,7.0,8.0
42500.0,5.0,8.0,8.0
42500.0,6.0,9.0,8.0
42500.0,5.0,10.0,8.0
42500.0,5.0,11.0,8.0
42500.0,5.0,12.0,8.0
42500.0,5.0,13.0,8.0
42500.0,6.0,14.0,8.0
42500.0,5.0,15.0,8.0
42500.0,6.0,16.0,8.0
42500.0,6.0,17.0,8.0
42500.0,6.0,18.0,8.0
42500.0,6.0,19.0,8.0
42500.0,6.0,20.0,8.0
42600.0,3.0,1.0,8.0
42600.0,3.0,2.0,8.0
42600.0,4.0,3.0,8.0
42600.0,3.0,4.0,8.0
42600.0,3.0,5.0,8.0
42600.0,3.0,6.0,8.0
42600.0,3.0,7.0,8.0
42600.0,3.0,8.0,8.0
42600.0,3.0,9.0,8.0
42600.0,3.0,10.0,8.0
42600.0,3.0,11.0,8.0
42600.0,3.0,12.0,8.0
42600.0,3.0,13.0,8.0
42600.0,3.0,14.0,8.0
42600.0,3.0,15.0,8.0
42600.0,3.0,16.0,8.0
42600.0,3.0,17.0,8.0
42600.0,4.0,18.0,8.0
42600.0,3.0,19.0,8.0
42600.0,4.0,20.0,8.0
42700.0,2.0,1.0,8.0
42700.0,2.0,2.0,8.0
42700.0,2.0,3.0,8.0
42700.0,2.0,4.0,8.0
42700.0,2.0,5.0,8.0
42700.0,2.0,6.0,8.0
42700.0,2.0,7.0,8.0
42700.0,2.0,8.0,8.0
42700.0,3.0,9.0,8.0
42700.0,3.0,10.0,8.0
42700.0,3.0,11.0,8.0
42700.0,3.0,12.0,8.0
42700.0,3.0,13.0,8.0
42700.0,3.0,14.0,8.0
42700.0,3.0,15.0,8.0
42700.0,3.0,16.0,8.0
42700.0,3.0,17.0,8.0
42700.0,3.0,18.0,8.0
42700.0,3.0,19.0,8.0
42700.0,3.0,20.0,8.0
42800.0,1.0,1.0,8.0
42800.0,1.0,2.0,8.0
42800.0,1.0,3.0,8.0
42800.0,0.0,4.0,8.0
42800.0,1.0,5.0,8.0
42800.0,0.0,6.0,8.0
42800.0,0.0,7.0,8.0
42800.0,0.0,8.0,8.0
42800.0,0.0,9.0,8.0
42800.0,1.0,10.0,8.0
42800.0,2.0,11.0,8.0
42800.0,2.0,12.0,8.0
42800.0,3.0,13.0,8.0
42800.0,2.0,14.0,8.0
42800.0,3.0,15.0,8.0
42800.0,3.0,16.0,8.0
42800.0,4.0,17.0,8.0
42800.0,3.0,18.0,8.0
42800.0,4.0,19.0,8.0
42800.0,4.0,20.0,8.0
42900.0,1.0,1.0,8.0
42900.0,1.0,2.0,8.0
42900.0,3.0,3.0,8.0
42900.0,2.0,4.0,8.0
42900.0,4.0,5.0,8.0
42900.0,2.0,6.0,8.0
42900.0,3.0,7.0,8.0
42900.0,4.0,8.0,8.0
42900.0,3.0,9.0,8.0
42900.0,4.0,10.0,8.0
42900.0,4.0,11.0,8.0
42900.0,5.0,12.0,8.0
42900.0,5.0,13.0,8.0
42900.0,5.0,14.0,8.0
42900.0,4.0,15.0,8.0
42900.0,5.0,16.0,8.0
42900.0,4.0,17.0,8.0
42900.0,4.0,18.0,8.0
42900.0,4.0,19.0,8.0
42900.0,4.0,20.0,8.0
43000.0,2.0,1.0,8.0
43000.0,2.0,2.0,8.0
43000.0,1.0,3.0,8.0
43000.0,2.0,4.0,8.0
43000.0,4.0,5.0,8.0
43000.0,4.0,6.0,8.0
43000.0,4.0,7.0,8.0
43000.0,4.0,8.0,8.0
43000.0,4.0,9.0,8.0
43000.0,4.0,10.0,8.0
43000.0,4.0,11.0,8.0
43000.0,4.0,12.0,8.0
43000.0,4.0,13.0,8.0
43000.0,4.0,14.0,8.0
43000.0,4.0,15.0,8.0
43000.0,4.0,16.0,8.0
43000.0,4.0,17.0,8.0
43000.0,4.0,18.0,8.0
43000.0,4.0,19.0,8.0
43000.0,4.0,20.0,8.0
43100.0,7.0,1.0,8.0
43100.0,7.0,2.0,8.0
43100.0,4.0,3.0,8.0
43100.0,4.0,4.0,8.0
43100.0,4.0,5.0,8.0
43100.0,5.0,6.0,8.0
43100.0,5.0,7.0,8.0
43100.0,5.0,8.0,8.0
43100.0,6.0,9.0,8.0
43100.0,6.0,10.0,8.0
43100.0,7.0,11.0,8.0
43100.0,6.0,12.0,8.0
43100.0,7.0,13.0,8.0
43100.0,6.0,14.0,8.0
43100.0,6.0,15.0,8.0
43100.0,6.0,16.0,8.0
43100.0,7.0,17.0,8.0
43100.0,7.0,18.0,8.0
43100.0,6.0,19.0,8.0
43100.0,6.0,20.0,8.0
43200.0,3.0,1.0,8.0
43200.0,3.0,2.0,8.0
43200.0,2.0,3.0,8.0
43200.0,1.0,4.0,8.0
43200.0,1.0,5.0,8.0
43200.0,1.0,6.0,8.0
43200.0,1.0,7.0,8.0
43200.0,1.0,8.0,8.0
43200.0,1.0,9.0,8.0
43200.0,1.0,10.0,8.0
43200.0,2.0,11.0,8.0
43200.0,2.0,12.0,8.0
43200.0,2.0,13.0,8.0
43200.0,2.0,14.0,8.0
43200.0,1.0,15.0,8.0
43200.0,1.0,16.0,8.0
43200.0,1.0,17.0,8.0
43200.0,1.0,18.0,8.0
43200.0,1.0,19.0,8.0
43200.0,1.0,20.0,8.0
43300.0,1.0,1.0,8.0
43300.0,1.0,2.0,8.0
43300.0,1.0,3.0,8.0
43300.0,1.0,4.0,8.0
43300.0,2.0,5.0,8.0
43300.0,1.0,6.0,8.0
43300.0,2.0,7.0,8.0
43300.0,1.0,8.0,8.0
43300.0,1.0,9.0,8.0
43300.0,1.0,10.0,8.0
43300.0,1.0,11.0,8.0
43300.0,1.0,12.0,8.0
43300.0,1.0,13.0,8.0
43300.0,1.0,14.0,8.0
43300.0,1.0,15.0,8.0
43300.0,1.0,16.0,8.0
43300.0,1.0,17.0,8.0
43300.0,1.0,18.0,8.0
43300.0,1.0,19.0,8.0
43300.0,2.0,20.0,8.0
43400.0,0.0,1.0,8.0
43400.0,0.0,2.0,8.0
43400.0,0.0,3.0,8.0
43400.0,0.0,4.0,8.0
43400.0,0.0,5.0,8.0
43400.0,0.0,6.0,8.0
43400.0,0.0,7.0,8.0
43400.0,0.0,8.0,8.0
43400.0,0.0,9.0,8.0
43400.0,0.0,10.0,8.0
43400.0,0.0,11.0,8.0
43400.0,1.0,12.0,8.0
43400.0,0.0,13.0,8.0
43400.0,1.0,14.0,8.0
43400.0,0.0,15.0,8.0
43400.0,1.0,16.0,8.0
43400.0,1.0,17.0,8.0
43400.0,1.0,18.0,8.0
43400.0,1.0,19.0,8.0
43400.0,1.0,20.0,8.0
43500.0,2.0,1.0,8.0
43500.0,2.0,2.0,8.0
43500.0,2.0,3.0,8.0
43500.0,2.0,4.0,8.0
43500.0,2.0,5.0,8.0
43500.0,2.0,6.0,8.0
43500.0,2.0,7.0,8.0
43500.0,2.0,8.0,8.0
43500.0,2.0,9.0,8.0
43500.0,2.0,10.0,8.0
43500.0,2.0,11.0,8.0
43500.0,2.0,12.0,8.0
43500.0,2.0,13.0,8.0
43500.0,2.0,14.0,8.0
43500.0,2.0,15.0,8.0
43500.0,2.0,16.0,8.0
43500.0,2.0,17.0,8.0
43500.0,2.0,18.0,8.0
43500.0,2.0,19.0,8.0
43500.0,2.0,20.0,8.0
43600.0,2.0,1.0,8.0
43600.0,2.0,2.0,8.0
43600.0,1.0,3.0,8.0
43600.0,1.0,4.0,8.0
43600.0,2.0,5.0,8.0
43600.0,2.0,6.0,8.0
43600.0,2.0,7.0,8.0
43600.0,2.0,8.0,8.0
43600.0,2.0,9.0,8.0
43600.0,2.0,10.0,8.0
43600.0,2.0,11.0,8.0
43600.0,2.0,12.0,8.0
43600.0,2.0,13.0,8.0
43600.0,3.0,14.0,8.0
43600.0,3.0,15.0,8.0
43600.0,3.0,16.0,8.0
43600.0,3.0,17.0,8.0
43600.0,3.0,18.0,8.0
43600.0,3.0,19.0,8.0
43600.0,3.0,20.0,8.0
43700.0,3.0,1.0,8.0
43700.0,3.0,2.0,8.0
43700.0,2.0,3.0,8.0
43700.0,3.0,4.0,8.0
43700.0,2.0,5.0,8.0
43700.0,2.0,6.0,8.0
43700.0,2.0,7.0,8.0
43700.0,2.0,8.0,8.0
43700.0,2.0,9.0,8.0
43700.0,2.0,10.0,8.0
43700.0,2.0,11.0,8.0
43700.0,2.0,12.0,8.0
43700.0,2.0,13.0,8.0
43700.0,2.0,14.0,8.0
43700.0,2.0,15.0,8.0
43700.0,2.0,16.0,8.0
43700.0,2.0,17.0,8.0
43700.0,2.0,18.0,8.0
43700.0,2.0,19.0,8.0
43700.0,2.0,20.0,8.0
43800.0,2.0,1.0,8.0
43800.0,2.0,2.0,8.0
43800.0,1.0,3.0,8.0
43800.0,1.0,4.0,8.0
43800.0,1.0,5.0,8.0
43800.0,1.0,6.0,8.0
43800.0,1.0,7.0,8.0
43800.0,1.0,8.0,8.0
43800.0,1.0,9.0,8.0
43800.0,1.0,10.0,8.0
43800.0,1.0,11.0,8.0
43800.0,1.0,12.0,8.0
43800.0,1.0,13.0,8.0
43800.0,1.0,14.0,8.0
43800.0,1.0,15.0,8.0
43800.0,1.0,16.0,8.0
43800.0,1.0,17.0,8.0
43800.0,1.0,18.0,8.0
43800.0,1.0,19.0,8.0
43800.0,1.0,20.0,8.0
43900.0,2.0,1.0,8.0
43900.0,2.0,2.0,8.0
43900.0,4.0,3.0,8.0
43900.0,2.0,4.0,8.0
43900.0,3.0,5.0,8.0
43900.0,4.0,6.0,8.0
43900.0,4.0,7.0,8.0
43900.0,4.0,8.0,8.0
43900.0,4.0,9.0,8.0
43900.0,4.0,10.0,8.0
43900.0,4.0,11.0,8.0
43900.0,4.0,12.0,8.0
43900.0,4.0,13.0,8.0
43900.0,4.0,14.0,8.0
43900.0,4.0,15.0,8.0
43900.0,4.0,16.0,8.0
43900.0,4.0,17.0,8.0
43900.0,4.0,18.0,8.0
43900.0,4.0,19.0,8.0
43900.0,4.0,20.0,8.0
44000.0,1.0,1.0,8.0
44000.0,1.0,2.0,8.0
44000.0,3.0,3.0,8.0
44000.0,2.0,4.0,8.0
44000.0,3.0,5.0,8.0
44000.0,3.0,6.0,8.0
44000.0,2.0,7.0,8.0
44000.0,2.0,8.0,8.0
44000.0,2.0,9.0,8.0
44000.0,2.0,10.0,8.0
44000.0,2.0,11.0,8.0
44000.0,2.0,12.0,8.0
44000.0,3.0,13.0,8.0
44000.0,3.0,14.0,8.0
44000.0,3.0,15.0,8.0
44000.0,3.0,16.0,8.0
44000.0,3.0,17.0,8.0
44000.0,3.0,18.0,8.0
44000.0,3.0,19.0,8.0
44000.0,4.0,20.0,8.0
44100.0,2.0,1.0,8.0
44100.0,2.0,2.0,8.0
44100.0,0.0,3.0,8.0
44100.0,0.0,4.0,8.0
44100.0,0.0,5.0,8.0
44100.0,0.0,6.0,8.0
44100.0,0.0,7.0,8.0
44100.0,0.0,8.0,8.0
44100.0,0.0,9.0,8.0
44100.0,0.0,10.0,8.0
44100.0,0.0,11.0,8.0
44100.0,0.0,12.0,8.0
44100.0,0.0,13.0,8.0
44100.0,0.0,14.0,8.0
44100.0,0.0,15.0,8.0
44100.0,1.0,16.0,8.0
44100.0,0.0,17.0,8.0
44100.0,0.0,18.0,8.0
44100.0,1.0,19.0,8.0
44100.0,0.0,20.0,8.0
44200.0,2.0,1.0,8.0
44200.0,2.0,2.0,8.0
44200.0,2.0,3.0,8.0
44200.0,3.0,4.0,8.0
44200.0,1.0,5.0,8.0
44200.0,1.0,6.0,8.0
44200.0,3.0,7.0,8.0
44200.0,3.0,8.0,8.0
44200.0,3.0,9.0,8.0
44200.0,3.0,10.0,8.0
44200.0,3.0,11.0,8.0
44200.0,3.0,12.0,8.0
44200.0,3.0,13.0,8.0
44200.0,3.0,14.0,8.0
44200.0,3.0,15.0,8.0
44200.0,3.0,16.0,8.0
44200.0,4.0,17.0,8.0
44200.0,3.0,18.0,8.0
44200.0,4.0,19.0,8.0
44200.0,3.0,20.0,8.0
44300.0,5.0,1.0,8.0
44300.0,5.0,2.0,8.0
44300.0,3.0,3.0,8.0
44300.0,3.0,4.0,8.0
44300.0,3.0,5.0,8.0
44300.0,3.0,6.0,8.0
44300.0,2.0,7.0,8.0
44300.0,2.0,8.0,8.0
44300.0,2.0,9.0,8.0
44300.0,2.0,10.0,8.0
44300.0,2.0,11.0,8.0
44300.0,2.0,12.0,8.0
44300.0,2.0,13.0,8.0
44300.0,2.0,14.0,8.0
44300.0,3.0,15.0,8.0
44300.0,3.0,16.0,8.0
44300.0,2.0,17.0,8.0
44300.0,2.0,18.0,8.0
44300.0,2.0,19.0,8.0
44300.0,2.0,20.0,8.0
44400.0,1.0,1.0,8.0
44400.0,1.0,2.0,8.0
44400.0,0.0,3.0,8.0
44400.0,0.0,4.0,8.0
44400.0,0.0,5.0,8.0
44400.0,0.0,6.0,8.0
44400.0,0.0,7.0,8.0
44400.0,0.0,8.0,8.0
44400.0,0.0,9.0,8.0
44400.0,0.0,10.0,8.0
44400.0,0.0,11.0,8.0
44400.0,0.0,12.0,8.0
44400.0,0.0,13.0,8.0
44400.0,0.0,14.0,8.0
44400.0,0.0,15.0,8.0
44400.0,0.0,16.0,8.0
44400.0,0.0,17.0,8.0
44400.0,0.0,18.0,8.0
44400.0,1.0,19.0,8.0
44400.0,2.0,20.0,8.0
44500.0,3.0,1.0,8.0
44500.0,3.0,2.0,8.0
44500.0,3.0,3.0,8.0
44500.0,3.0,4.0,8.0
44500.0,3.0,5.0,8.0
44500.0,2.0,6.0,8.0
44500.0,2.0,7.0,8.0
44500.0,2.0,8.0,8.0
44500.0,2.0,9.0,8.0
44500.0,2.0,10.0,8.0
44500.0,3.0,11.0,8.0
44500.0,3.0,12.0,8.0
44500.0,3.0,13.0,8.0
44500.0,3.0,14.0,8.0
44500.0,3.0,15.0,8.0
44500.0,3.0,16.0,8.0
44500.0,3.0,17.0,8.0
44500.0,3.0,18.0,8.0
44500.0,3.0,19.0,8.0
44500.0,3.0,20.0,8.0
44600.0,2.0,1.0,8.0
44600.0,2.0,2.0,8.0
44600.0,1.0,3.0,8.0
44600.0,2.0,4.0,8.0
44600.0,1.0,5.0,8.0
44600.0,1.0,6.0,8.0
44600.0,1.0,7.0,8.0
44600.0,1.0,8.0,8.0
44600.0,0.0,9.0,8.0
44600.0,1.0,10.0,8.0
44600.0,0.0,11.0,8.0
44600.0,1.0,12.0,8.0
44600.0,1.0,13.0,8.0
44600.0,0.0,14.0,8.0
44600.0,1.0,15.0,8.0
44600.0,1.0,16.0,8.0
44600.0,1.0,17.0,8.0
44600.0,1.0,18.0,8.0
44600.0,1.0,19.0,8.0
44600.0,1.0,20.0,8.0
44700.0,1.0,1.0,8.0
44700.0,1.0,2.0,8.0
44700.0,0.0,3.0,8.0
44700.0,1.0,4.0,8.0
44700.0,1.0,5.0,8.0
44700.0,1.0,6.0,8.0
44700.0,1.0,7.0,8.0
44700.0,1.0,8.0,8.0
44700.0,1.0,9.0,8.0
44700.0,1.0,10.0,8.0
44700.0,1.0,11.0,8.0
44700.0,1.0,12.0,8.0
44700.0,1.0,13.0,8.0
44700.0,1.0,14.0,8.0
44700.0,2.0,15.0,8.0
44700.0,1.0,16.0,8.0
44700.0,1.0,17.0,8.0
44700.0,1.0,18.0,8.0
44700.0,1.0,19.0,8.0
44700.0,1.0,20.0,8.0
44800.0,3.0,1.0,8.0
44800.0,3.0,2.0,8.0
44800.0,2.0,3.0,8.0
44800.0,2.0,4.0,8.0
44800.0,3.0,5.0,8.0
44800.0,3.0,6.0,8.0
44800.0,3.0,7.0,8.0
44800.0,3.0,8.0,8.0
44800.0,3.0,9.0,8.0
44800.0,3.0,10.0,8.0
44800.0,3.0,11.0,8.0
44800.0,2.0,12.0,8.0
44800.0,2.0,13.0,8.0
44800.0,2.0,14.0,8.0
44800.0,2.0,15.0,8.0
44800.0,2.0,16.0,8.0
44800.0,2.0,17.0,8.0
44800.0,2.0,18.0,8.0
44800.0,2.0,19.0,8.0
44800.0,3.0,20.0,8.0
44900.0,4.0,1.0,8.0
44900.0,4.0,2.0,8.0
44900.0,2.0,3.0,8.0
44900.0,3.0,4.0,8.0
44900.0,2.0,5.0,8.0
44900.0,2.0,6.0,8.0
44900.0,2.0,7.0,8.0
44900.0,2.0,8.0,8.0
44900.0,2.0,9.0,8.0
44900.0,1.0,10.0,8.0
44900.0,2.0,11.0,8.0
44900.0,2.0,12.0,8.0
44900.0,2.0,13.0,8.0
44900.0,2.0,14.0,8.0
44900.0,4.0,15.0,8.0
44900.0,3.0,16.0,8.0
44900.0,4.0,17.0,8.0
44900.0,3.0,18.0,8.0
44900.0,3.0,19.0,8.0
44900.0,3.0,20.0,8.0
45000.0,3.0,1.0,8.0
45000.0,3.0,2.0,8.0
45000.0,4.0,3.0,8.0
45000.0,4.0,4.0,8.0
45000.0,4.0,5.0,8.0
45000.0,3.0,6.0,8.0
45000.0,4.0,7.0,8.0
45000.0,4.0,8.0,8.0
45000.0,4.0,9.0,8.0
45000.0,4.0,10.0,8.0
45000.0,4.0,11.0,8.0
45000.0,4.0,12.0,8.0
45000.0,4.0,13.0,8.0
45000.0,4.0,14.0,8.0
45000.0,4.0,15.0,8.0
45000.0,4.0,16.0,8.0
45000.0,4.0,17.0,8.0
45000.0,4.0,18.0,8.0
45000.0,4.0,19.0,8.0
45000.0,4.0,20.0,8.0
45100.0,2.0,1.0,8.0
45100.0,2.0,2.0,8.0
45100.0,3.0,3.0,8.0
45100.0,3.0,4.0,8.0
45100.0,3.0,5.0,8.0
45100.0,3.0,6.0,8.0
45100.0,3.0,7.0,8.0
45100.0,3.0,8.0,8.0
45100.0,4.0,9.0,8.0
45100.0,4.0,10.0,8.0
45100.0,4.0,11.0,8.0
45100.0,4.0,12.0,8.0
45100.0,4.0,13.0,8.0
45100.0,4.0,14.0,8.0
45100.0,4.0,15.0,8.0
45100.0,4.0,16.0,8.0
45100.0,4.0,17.0,8.0
45100.0,4.0,18.0,8.0
45100.0,4.0,19.0,8.0
45100.0,4.0,20.0,8.0
45200.0,4.0,1.0,8.0
45200.0,4.0,2.0,8.0
45200.0,4.0,3.0,8.0
45200.0,4.0,4.0,8.0
45200.0,4.0,5.0,8.0
45200.0,4.0,6.0,8.0
45200.0,5.0,7.0,8.0
45200.0,5.0,8.0,8.0
45200.0,5.0,9.0,8.0
45200.0,5.0,10.0,8.0
45200.0,5.0,11.0,8.0
45200.0,5.0,12.0,8.0
45200.0,5.0,13.0,8.0
45200.0,5.0,14.0,8.0
45200.0,5.0,15.0,8.0
45200.0,5.0,16.0,8.0
45200.0,5.0,17.0,8.0
45200.0,5.0,18.0,8.0
45200.0,5.0,19.0,8.0
45200.0,5.0,20.0,8.0
45300.0,4.0,1.0,8.0
45300.0,4.0,2.0,8.0
45300.0,2.0,3.0,8.0
45300.0,1.0,4.0,8.0
45300.0,1.0,5.0,8.0
45300.0,1.0,6.0,8.0
45300.0,2.0,7.0,8.0
45300.0,1.0,8.0,8.0
45300.0,1.0,9.0,8.0
45300.0,2.0,10.0,8.0
45300.0,1.0,11.0,8.0
45300.0,2.0,12.0,8.0
45300.0,2.0,13.0,8.0
45300.0,4.0,14.0,8.0
45300.0,2.0,15.0,8.0
45300.0,2.0,16.0,8.0
45300.0,2.0,17.0,8.0
45300.0,2.0,18.0,8.0
45300.0,2.0,19.0,8.0
45300.0,2.0,20.0,8.0
45400.0,2.0,1.0,8.0
45400.0,2.0,2.0,8.0
45400.0,3.0,3.0,8.0
45400.0,2.0,4.0,8.0
45400.0,2.0,5.0,8.0
45400.0,2.0,6.0,8.0
45400.0,3.0,7.0,8.0
45400.0,3.0,8.0,8.0
45400.0,3.0,9.0,8.0
45400.0,2.0,10.0,8.0
45400.0,2.0,11.0,8.0
45400.0,2.0,12.0,8.0
45400.0,3.0,13.0,8.0
45400.0,2.0,14.0,8.0
45400.0,3.0,15.0,8.0
45400.0,2.0,16.0,8.0
45400.0,2.0,17.0,8.0
45400.0,2.0,18.0,8.0
45400.0,3.0,19.0,8.0
45400.0,1.0,20.0,8.0
45500.0,2.0,1.0,8.0
45500.0,2.0,2.0,8.0
45500.0,3.0,3.0,8.0
45500.0,3.0,4.0,8.0
45500.0,3.0,5.0,8.0
45500.0,3.0,6.0,8.0
45500.0,3.0,7.0,8.0
45500.0,4.0,8.0,8.0
45500.0,6.0,9.0,8.0
45500.0,6.0,10.0,8.0
45500.0,6.0,11.0,8.0
45500.0,5.0,12.0,8.0
45500.0,6.0,13.0,8.0
45500.0,6.0,14.0,8.0
45500.0,6.0,15.0,8.0
45500.0,5.0,16.0,8.0
45500.0,6.0,17.0,8.0
45500.0,5.0,18.0,8.0
45500.0,5.0,19.0,8.0
45500.0,4.0,20.0,8.0
45600.0,5.0,1.0,8.0
45600.0,5.0,2.0,8.0
45600.0,6.0,3.0,8.0
45600.0,4.0,4.0,8.0
45600.0,6.0,5.0,8.0
45600.0,6.0,6.0,8.0
45600.0,6.0,7.0,8.0
45600.0,5.0,8.0,8.0
45600.0,5.0,9.0,8.0
45600.0,6.0,10.0,8.0
45600.0,9.0,11.0,8.0
45600.0,8.0,12.0,8.0
45600.0,10.0,13.0,8.0
45600.0,8.0,14.0,8.0
45600.0,9.0,15.0,8.0
45600.0,6.0,16.0,8.0
45600.0,7.0,17.0,8.0
45600.0,6.0,18.0,8.0
45600.0,7.0,19.0,8.0
45600.0,6.0,20.0,8.0
45700.0,3.0,1.0,8.0
45700.0,3.0,2.0,8.0
45700.0,4.0,3.0,8.0
45700.0,4.0,4.0,8.0
45700.0,4.0,5.0,8.0
45700.0,3.0,6.0,8.0
45700.0,4.0,7.0,8.0
45700.0,4.0,8.0,8.0
45700.0,4.0,9.0,8.0
45700.0,4.0,10.0,8.0
45700.0,4.0,11.0,8.0
45700.0,4.0,12.0,8.0
45700.0,4.0,13.0,8.0
45700.0,4.0,14.0,8.0
45700.0,4.0,15.0,8.0
45700.0,4.0,16.0,8.0
45700.0,4.0,17.0,8.0
45700.0,4.0,18.0,8.0
45700.0,4.0,19.0,8.0
45700.0,4.0,20.0,8.0
45800.0,3.0,1.0,8.0
45800.0,3.0,2.0,8.0
45800.0,1.0,3.0,8.0
45800.0,1.0,4.0,8.0
45800.0,1.0,5.0,8.0
45800.0,2.0,6.0,8.0
45800.0,1.0,7.0,8.0
45800.0,1.0,8.0,8.0
45800.0,3.0,9.0,8.0
45800.0,4.0,10.0,8.0
45800.0,4.0,11.0,8.0
45800.0,4.0,12.0,8.0
45800.0,4.0,13.0,8.0
45800.0,4.0,14.0,8.0
45800.0,4.0,15.0,8.0
45800.0,4.0,16.0,8.0
45800.0,5.0,17.0,8.0
45800.0,5.0,18.0,8.0
45800.0,6.0,19.0,8.0
45800.0,5.0,20.0,8.0
45900.0,3.0,1.0,8.0
45900.0,3.0,2.0,8.0
45900.0,3.0,3.0,8.0
45900.0,3.0,4.0,8.0
45900.0,3.0,5.0,8.0
45900.0,3.0,6.0,8.0
45900.0,3.0,7.0,8.0
45900.0,3.0,8.0,8.0
45900.0,3.0,9.0,8.0
45900.0,3.0,10.0,8.0
45900.0,3.0,11.0,8.0
45900.0,2.0,12.0,8.0
45900.0,3.0,13.0,8.0
45900.0,2.0,14.0,8.0
45900.0,2.0,15.0,8.0
45900.0,3.0,16.0,8.0
45900.0,3.0,17.0,8.0
45900.0,3.0,18.0,8.0
45900.0,3.0,19.0,8.0
45900.0,3.0,20.0,8.0
46000.0,3.0,1.0,8.0
46000.0,3.0,2.0,8.0
46000.0,4.0,3.0,8.0
46000.0,4.0,4.0,8.0
46000.0,4.0,5.0,8.0
46000.0,4.0,6.0,8.0
46000.0,4.0,7.0,8.0
46000.0,4.0,8.0,8.0
46000.0,4.0,9.0,8.0
46000.0,4.0,10.0,8.0
46000.0,4.0,11.0,8.0
46000.0,4.0,12.0,8.0
46000.0,4.0,13.0,8.0
46000.0,4.0,14.0,8.0
46000.0,4.0,15.0,8.0
46000.0,5.0,16.0,8.0
46000.0,6.0,17.0,8.0
46000.0,6.0,18.0,8.0
46000.0,6.0,19.0,8.0
46000.0,6.0,20.0,8.0
46100.0,3.0,1.0,8.0
46100.0,3.0,2.0,8.0
46100.0,3.0,3.0,8.0
46100.0,3.0,4.0,8.0
46100.0,3.0,5.0,8.0
46100.0,4.0,6.0,8.0
46100.0,4.0,7.0,8.0
46100.0,5.0,8.0,8.0
46100.0,5.0,9.0,8.0
46100.0,5.0,10.0,8.0
46100.0,5.0,11.0,8.0
46100.0,5.0,12.0,8.0
46100.0,5.0,13.0,8.0
46100.0,4.0,14.0,8.0
46100.0,4.0,15.0,8.0
46100.0,4.0,16.0,8.0
46100.0,4.0,17.0,8.0
46100.0,5.0,18.0,8.0
46100.0,5.0,19.0,8.0
46100.0,5.0,20.0,8.0
46200.0,4.0,1.0,8.0
46200.0,4.0,2.0,8.0
46200.0,3.0,3.0,8.0
46200.0,3.0,4.0,8.0
46200.0,5.0,5.0,8.0
46200.0,4.0,6.0,8.0
46200.0,4.0,7.0,8.0
46200.0,5.0,8.0,8.0
46200.0,4.0,9.0,8.0
46200.0,5.0,10.0,8.0
46200.0,4.0,11.0,8.0
46200.0,4.0,12.0,8.0
46200.0,5.0,13.0,8.0
46200.0,4.0,14.0,8.0
46200.0,5.0,15.0,8.0
46200.0,4.0,16.0,8.0
46200.0,5.0,17.0,8.0
46200.0,5.0,18.0,8.0
46200.0,5.0,19.0,8.0
46200.0,5.0,20.0,8.0
46300.0,6.0,1.0,8.0
46300.0,6.0,2.0,8.0
46300.0,5.0,3.0,8.0
46300.0,5.0,4.0,8.0
46300.0,5.0,5.0,8.0
46300.0,4.0,6.0,8.0
46300.0,5.0,7.0,8.0
46300.0,5.0,8.0,8.0
46300.0,5.0,9.0,8.0
46300.0,6.0,10.0,8.0
46300.0,6.0,11.0,8.0
46300.0,6.0,12.0,8.0
46300.0,7.0,13.0,8.0
46300.0,7.0,14.0,8.0
46300.0,7.0,15.0,8.0
46300.0,7.0,16.0,8.0
46300.0,7.0,17.0,8.0
46300.0,7.0,18.0,8.0
46300.0,7.0,19.0,8.0
46300.0,7.0,20.0,8.0
46400.0,2.0,1.0,8.0
46400.0,2.0,2.0,8.0
46400.0,2.0,3.0,8.0
46400.0,2.0,4.0,8.0
46400.0,4.0,5.0,8.0
46400.0,3.0,6.0,8.0
46400.0,4.0,7.0,8.0
46400.0,4.0,8.0,8.0
46400.0,4.0,9.0,8.0
46400.0,3.0,10.0,8.0
46400.0,4.0,11.0,8.0
46400.0,3.0,12.0,8.0
46400.0,5.0,13.0,8.0
46400.0,5.0,14.0,8.0
46400.0,5.0,15.0,8.0
46400.0,4.0,16.0,8.0
46400.0,6.0,17.0,8.0
46400.0,6.0,18.0,8.0
46400.0,6.0,19.0,8.0
46400.0,6.0,20.0,8.0
46500.0,3.0,1.0,8.0
46500.0,3.0,2.0,8.0
46500.0,2.0,3.0,8.0
46500.0,3.0,4.0,8.0
46500.0,2.0,5.0,8.0
46500.0,2.0,6.0,8.0
46500.0,1.0,7.0,8.0
46500.0,1.0,8.0,8.0
46500.0,1.0,9.0,8.0
46500.0,1.0,10.0,8.0
46500.0,1.0,11.0,8.0
46500.0,1.0,12.0,8.0
46500.0,1.0,13.0,8.0
46500.0,2.0,14.0,8.0
46500.0,2.0,15.0,8.0
46500.0,2.0,16.0,8.0
46500.0,2.0,17.0,8.0
46500.0,2.0,18.0,8.0
46500.0,2.0,19.0,8.0
46500.0,2.0,20.0,8.0
46600.0,0.0,1.0,8.0
46600.0,0.0,2.0,8.0
46600.0,0.0,3.0,8.0
46600.0,0.0,4.0,8.0
46600.0,0.0,5.0,8.0
46600.0,0.0,6.0,8.0
46600.0,0.0,7.0,8.0
46600.0,0.0,8.0,8.0
46600.0,0.0,9.0,8.0
46600.0,0.0,10.0,8.0
46600.0,0.0,11.0,8.0
46600.0,0.0,12.0,8.0
46600.0,0.0,13.0,8.0
46600.0,0.0,14.0,8.0
46600.0,0.0,15.0,8.0
46600.0,0.0,16.0,8.0
46600.0,0.0,17.0,8.0
46600.0,0.0,18.0,8.0
46600.0,0.0,19.0,8.0
46600.0,0.0,20.0,8.0
46700.0,4.0,1.0,8.0
46700.0,4.0,2.0,8.0
46700.0,2.0,3.0,8.0
46700.0,3.0,4.0,8.0
46700.0,2.0,5.0,8.0
46700.0,3.0,6.0,8.0
46700.0,1.0,7.0,8.0
46700.0,3.0,8.0,8.0
46700.0,2.0,9.0,8.0
46700.0,2.0,10.0,8.0
46700.0,2.0,11.0,8.0
46700.0,2.0,12.0,8.0
46700.0,2.0,13.0,8.0
46700.0,2.0,14.0,8.0
46700.0,2.0,15.0,8.0
46700.0,2.0,16.0,8.0
46700.0,2.0,17.0,8.0
46700.0,2.0,18.0,8.0
46700.0,2.0,19.0,8.0
46700.0,3.0,20.0,8.0
46800.0,4.0,1.0,8.0
46800.0,4.0,2.0,8.0
46800.0,3.0,3.0,8.0
46800.0,3.0,4.0,8.0
46800.0,3.0,5.0,8.0
46800.0,3.0,6.0,8.0
46800.0,3.0,7.0,8.0
46800.0,2.0,8.0,8.0
46800.0,3.0,9.0,8.0
46800.0,4.0,10.0,8.0
46800.0,2.0,11.0,8.0
46800.0,1.0,12.0,8.0
46800.0,2.0,13.0,8.0
46800.0,1.0,14.0,8.0
46800.0,2.0,15.0,8.0
46800.0,1.0,16.0,8.0
46800.0,2.0,17.0,8.0
46800.0,2.0,18.0,8.0
46800.0,2.0,19.0,8.0
46800.0,2.0,20.0,8.0
46900.0,1.0,1.0,8.0
46900.0,1.0,2.0,8.0
46900.0,2.0,3.0,8.0
46900.0,1.0,4.0,8.0
46900.0,2.0,5.0,8.0
46900.0,2.0,6.0,8.0
46900.0,2.0,7.0,8.0
46900.0,2.0,8.0,8.0
46900.0,2.0,9.0,8.0
46900.0,2.0,10.0,8.0
46900.0,2.0,11.0,8.0
46900.0,2.0,12.0,8.0
46900.0,2.0,13.0,8.0
46900.0,2.0,14.0,8.0
46900.0,2.0,15.0,8.0
46900.0,2.0,16.0,8.0
46900.0,2.0,17.0,8.0
46900.0,3.0,18.0,8.0
46900.0,3.0,19.0,8.0
46900.0,3.0,20.0,8.0
47000.0,2.0,1.0,8.0
47000.0,2.0,2.0,8.0
47000.0,2.0,3.0,8.0
47000.0,2.0,4.0,8.0
47000.0,2.0,5.0,8.0
47000.0,2.0,6.0,8.0
47000.0,2.0,7.0,8.0
47000.0,2.0,8.0,8.0
47000.0,2.0,9.0,8.0
47000.0,2.0,10.0,8.0
47000.0,3.0,11.0,8.0
47000.0,3.0,12.0,8.0
47000.0,3.0,13.0,8.0
47000.0,3.0,14.0,8.0
47000.0,3.0,15.0,8.0
47000.0,3.0,16.0,8.0
47000.0,3.0,17.0,8.0
47000.0,3.0,18.0,8.0
47000.0,3.0,19.0,8.0
47000.0,3.0,20.0,8.0
47100.0,1.0,1.0,8.0
47100.0,1.0,2.0,8.0
47100.0,2.0,3.0,8.0
47100.0,1.0,4.0,8.0
47100.0,4.0,5.0,8.0
47100.0,3.0,6.0,8.0
47100.0,4.0,7.0,8.0
47100.0,4.0,8.0,8.0
47100.0,4.0,9.0,8.0
47100.0,4.0,10.0,8.0
47100.0,4.0,11.0,8.0
47100.0,4.0,12.0,8.0
47100.0,4.0,13.0,8.0
47100.0,4.0,14.0,8.0
47100.0,4.0,15.0,8.0
47100.0,4.0,16.0,8.0
47100.0,4.0,17.0,8.0
47100.0,4.0,18.0,8.0
47100.0,4.0,19.0,8.0
47100.0,4.0,20.0,8.0
47200.0,0.0,1.0,8.0
47200.0,0.0,2.0,8.0
47200.0,1.0,3.0,8.0
47200.0,1.0,4.0,8.0
47200.0,1.0,5.0,8.0
47200.0,1.0,6.0,8.0
47200.0,1.0,7.0,8.0
47200.0,1.0,8.0,8.0
47200.0,1.0,9.0,8.0
47200.0,1.0,10.0,8.0
47200.0,1.0,11.0,8.0
47200.0,1.0,12.0,8.0
47200.0,1.0,13.0,8.0
47200.0,1.0,14.0,8.0
47200.0,2.0,15.0,8.0
47200.0,2.0,16.0,8.0
47200.0,2.0,17.0,8.0
47200.0,2.0,18.0,8.0
47200.0,2.0,19.0,8.0
47200.0,2.0,20.0,8.0
47300.0,9.0,1.0,8.0
47300.0,9.0,2.0,8.0
47300.0,6.0,3.0,8.0
47300.0,6.0,4.0,8.0
47300.0,6.0,5.0,8.0
47300.0,5.0,6.0,8.0
47300.0,4.0,7.0,8.0
47300.0,6.0,8.0,8.0
47300.0,6.0,9.0,8.0
47300.0,6.0,10.0,8.0
47300.0,6.0,11.0,8.0
47300.0,6.0,12.0,8.0
47300.0,6.0,13.0,8.0
47300.0,6.0,14.0,8.0
47300.0,6.0,15.0,8.0
47300.0,6.0,16.0,8.0
47300.0,6.0,17.0,8.0
47300.0,6.0,18.0,8.0
47300.0,6.0,19.0,8.0
47300.0,6.0,20.0,8.0
47400.0,3.0,1.0,8.0
47400.0,3.0,2.0,8.0
47400.0,4.0,3.0,8.0
47400.0,5.0,4.0,8.0
47400.0,3.0,5.0,8.0
47400.0,2.0,6.0,8.0
47400.0,3.0,7.0,8.0
47400.0,3.0,8.0,8.0
47400.0,4.0,9.0,8.0
47400.0,4.0,10.0,8.0
47400.0,4.0,11.0,8.0
47400.0,4.0,12.0,8.0
47400.0,3.0,13.0,8.0
47400.0,3.0,14.0,8.0
47400.0,4.0,15.0,8.0
47400.0,3.0,16.0,8.0
47400.0,3.0,17.0,8.0
47400.0,3.0,18.0,8.0
47400.0,3.0,19.0,8.0
47400.0,3.0,20.0,8.0
47500.0,3.0,1.0,8.0
47500.0,3.0,2.0,8.0
47500.0,3.0,3.0,8.0
47500.0,4.0,4.0,8.0
47500.0,4.0,5.0,8.0
47500.0,4.0,6.0,8.0
47500.0,4.0,7.0,8.0
47500.0,3.0,8.0,8.0
47500.0,3.0,9.0,8.0
47500.0,3.0,10.0,8.0
47500.0,3.0,11.0,8.0
47500.0,3.0,12.0,8.0
47500.0,3.0,13.0,8.0
47500.0,3.0,14.0,8.0
47500.0,3.0,15.0,8.0
47500.0,3.0,16.0,8.0
47500.0,3.0,17.0,8.0
47500.0,3.0,18.0,8.0
47500.0,3.0,19.0,8.0
47500.0,3.0,20.0,8.0
47600.0,3.0,1.0,8.0
47600.0,3.0,2.0,8.0
47600.0,4.0,3.0,8.0
47600.0,3.0,4.0,8.0
47600.0,3.0,5.0,8.0
47600.0,3.0,6.0,8.0
47600.0,4.0,7.0,8.0
47600.0,4.0,8.0,8.0
47600.0,3.0,9.0,8.0
47600.0,4.0,10.0,8.0
47600.0,4.0,11.0,8.0
47600.0,4.0,12.0,8.0
47600.0,4.0,13.0,8.0
47600.0,4.0,14.0,8.0
47600.0,4.0,15.0,8.0
47600.0,4.0,16.0,8.0
47600.0,4.0,17.0,8.0
47600.0,4.0,18.0,8.0
47600.0,4.0,19.0,8.0
47600.0,4.0,20.0,8.0
47700.0,1.0,1.0,8.0
47700.0,1.0,2.0,8.0
47700.0,2.0,3.0,8.0
47700.0,1.0,4.0,8.0
47700.0,1.0,5.0,8.0
47700.0,2.0,6.0,8.0
47700.0,0.0,7.0,8.0
47700.0,0.0,8.0,8.0
47700.0,0.0,9.0,8.0
47700.0,1.0,10.0,8.0
47700.0,0.0,11.0,8.0
47700.0,0.0,12.0,8.0
47700.0,0.0,13.0,8.0
47700.0,1.0,14.0,8.0
47700.0,1.0,15.0,8.0
47700.0,1.0,16.0,8.0
47700.0,1.0,17.0,8.0
47700.0,1.0,18.0,8.0
47700.0,1.0,19.0,8.0
47700.0,1.0,20.0,8.0
47800.0,2.0,1.0,8.0
47800.0,2.0,2.0,8.0
47800.0,3.0,3.0,8.0
47800.0,3.0,4.0,8.0
47800.0,3.0,5.0,8.0
47800.0,2.0,6.0,8.0
47800.0,2.0,7.0,8.0
47800.0,3.0,8.0,8.0
47800.0,2.0,9.0,8.0
47800.0,1.0,10.0,8.0
47800.0,1.0,11.0,8.0
47800.0,1.0,12.0,8.0
47800.0,1.0,13.0,8.0
47800.0,1.0,14.0,8.0
47800.0,1.0,15.0,8.0
47800.0,1.0,16.0,8.0
47800.0,1.0,17.0,8.0
47800.0,1.0,18.0,8.0
47800.0,1.0,19.0,8.0
47800.0,1.0,20.0,8.0
47900.0,2.0,1.0,8.0
47900.0,2.0,2.0,8.0
47900.0,2.0,3.0,8.0
47900.0,2.0,4.0,8.0
47900.0,1.0,5.0,8.0
47900.0,2.0,6.0,8.0
47900.0,1.0,7.0,8.0
47900.0,1.0,8.0,8.0
47900.0,1.0,9.0,8.0
47900.0,1.0,10.0,8.0
47900.0,1.0,11.0,8.0
47900.0,1.0,12.0,8.0
47900.0,1.0,13.0,8.0
47900.0,1.0,14.0,8.0
47900.0,1.0,15.0,8.0
47900.0,1.0,16.0,8.0
47900.0,2.0,17.0,8.0
47900.0,2.0,18.0,8.0
47900.0,2.0,19.0,8.0
47900.0,2.0,20.0,8.0
48000.0,2.0,1.0,8.0
48000.0,2.0,2.0,8.0
48000.0,3.0,3.0,8.0
48000.0,2.0,4.0,8.0
48000.0,3.0,5.0,8.0
48000.0,3.0,6.0,8.0
48000.0,3.0,7.0,8.0
48000.0,3.0,8.0,8.0
48000.0,4.0,9.0,8.0
48000.0,4.0,10.0,8.0
48000.0,6.0,11.0,8.0
48000.0,4.0,12.0,8.0
48000.0,6.0,13.0,8.0
48000.0,4.0,14.0,8.0
48000.0,6.0,15.0,8.0
48000.0,5.0,16.0,8.0
48000.0,5.0,17.0,8.0
48000.0,4.0,18.0,8.0
48000.0,6.0,19.0,8.0
48000.0,5.0,20.0,8.0
48100.0,2.0,1.0,8.0
48100.0,2.0,2.0,8.0
48100.0,2.0,3.0,8.0
48100.0,2.0,4.0,8.0
48100.0,2.0,5.0,8.0
48100.0,2.0,6.0,8.0
48100.0,4.0,7.0,8.0
48100.0,3.0,8.0,8.0
48100.0,4.0,9.0,8.0
48100.0,4.0,10.0,8.0
48100.0,4.0,11.0,8.0
48100.0,4.0,12.0,8.0
48100.0,3.0,13.0,8.0
48100.0,3.0,14.0,8.0
48100.0,3.0,15.0,8.0
48100.0,3.0,16.0,8.0
48100.0,3.0,17.0,8.0
48100.0,3.0,18.0,8.0
48100.0,4.0,19.0,8.0
48100.0,3.0,20.0,8.0
48200.0,1.0,1.0,8.0
48200.0,1.0,2.0,8.0
48200.0,1.0,3.0,8.0
48200.0,1.0,4.0,8.0
48200.0,2.0,5.0,8.0
48200.0,2.0,6.0,8.0
48200.0,2.0,7.0,8.0
48200.0,2.0,8.0,8.0
48200.0,2.0,9.0,8.0
48200.0,2.0,10.0,8.0
48200.0,2.0,11.0,8.0
48200.0,2.0,12.0,8.0
48200.0,2.0,13.0,8.0
48200.0,2.0,14.0,8.0
48200.0,2.0,15.0,8.0
48200.0,2.0,16.0,8.0
48200.0,2.0,17.0,8.0
48200.0,2.0,18.0,8.0
48200.0,2.0,19.0,8.0
48200.0,2.0,20.0,8.0
48300.0,0.0,1.0,8.0
48300.0,0.0,2.0,8.0
48300.0,1.0,3.0,8.0
48300.0,0.0,4.0,8.0
48300.0,0.0,5.0,8.0
48300.0,1.0,6.0,8.0
48300.0,0.0,7.0,8.0
48300.0,1.0,8.0,8.0
48300.0,2.0,9.0,8.0
48300.0,1.0,10.0,8.0
48300.0,2.0,11.0,8.0
48300.0,2.0,12.0,8.0
48300.0,2.0,13.0,8.0
48300.0,2.0,14.0,8.0
48300.0,2.0,15.0,8.0
48300.0,2.0,16.0,8.0
48300.0,2.0,17.0,8.0
48300.0,2.0,18.0,8.0
48300.0,3.0,19.0,8.0
48300.0,3.0,20.0,8.0
48400.0,3.0,1.0,8.0
48400.0,3.0,2.0,8.0
48400.0,4.0,3.0,8.0
48400.0,4.0,4.0,8.0
48400.0,4.0,5.0,8.0
48400.0,4.0,6.0,8.0
48400.0,3.0,7.0,8.0
48400.0,3.0,8.0,8.0
48400.0,4.0,9.0,8.0
48400.0,4.0,10.0,8.0
48400.0,5.0,11.0,8.0
48400.0,5.0,12.0,8.0
48400.0,5.0,13.0,8.0
48400.0,5.0,14.0,8.0
48400.0,5.0,15.0,8.0
48400.0,5.0,16.0,8.0
48400.0,6.0,17.0,8.0
48400.0,5.0,18.0,8.0
48400.0,6.0,19.0,8.0
48400.0,5.0,20.0,8.0
48500.0,3.0,1.0,8.0
48500.0,3.0,2.0,8.0
48500.0,4.0,3.0,8.0
48500.0,4.0,4.0,8.0
48500.0,3.0,5.0,8.0
48500.0,3.0,6.0,8.0
48500.0,3.0,7.0,8.0
48500.0,3.0,8.0,8.0
48500.0,3.0,9.0,8.0
48500.0,3.0,10.0,8.0
48500.0,3.0,11.0,8.0
48500.0,3.0,12.0,8.0
48500.0,3.0,13.0,8.0
48500.0,3.0,14.0,8.0
48500.0,2.0,15.0,8.0
48500.0,3.0,16.0,8.0
48500.0,2.0,17.0,8.0
48500.0,3.0,18.0,8.0
48500.0,3.0,19.0,8.0
48500.0,3.0,20.0,8.0
48600.0,4.0,1.0,8.0
48600.0,4.0,2.0,8.0
48600.0,3.0,3.0,8.0
48600.0,4.0,4.0,8.0
48600.0,3.0,5.0,8.0
48600.0,3.0,6.0,8.0
48600.0,3.0,7.0,8.0
48600.0,3.0,8.0,8.0
48600.0,3.0,9.0,8.0
48600.0,4.0,10.0,8.0
48600.0,5.0,11.0,8.0
48600.0,5.0,12.0,8.0
48600.0,4.0,13.0,8.0
48600.0,4.0,14.0,8.0
48600.0,5.0,15.0,8.0
48600.0,5.0,16.0,8.0
48600.0,5.0,17.0,8.0
48600.0,5.0,18.0,8.0
48600.0,5.0,19.0,8.0
48600.0,5.0,20.0,8.0
48700.0,3.0,1.0,8.0
48700.0,3.0,2.0,8.0
48700.0,2.0,3.0,8.0
48700.0,2.0,4.0,8.0
48700.0,2.0,5.0,8.0
48700.0,2.0,6.0,8.0
48700.0,1.0,7.0,8.0
48700.0,2.0,8.0,8.0
48700.0,2.0,9.0,8.0
48700.0,2.0,10.0,8.0
48700.0,2.0,11.0,8.0
48700.0,2.0,12.0,8.0
48700.0,2.0,13.0,8.0
48700.0,2.0,14.0,8.0
48700.0,2.0,15.0,8.0
48700.0,2.0,16.0,8.0
48700.0,2.0,17.0,8.0
48700.0,2.0,18.0,8.0
48700.0,2.0,19.0,8.0
48700.0,2.0,20.0,8.0
48800.0,1.0,1.0,8.0
48800.0,1.0,2.0,8.0
48800.0,3.0,3.0,8.0
48800.0,2.0,4.0,8.0
48800.0,3.0,5.0,8.0
48800.0,3.0,6.0,8.0
48800.0,3.0,7.0,8.0
48800.0,3.0,8.0,8.0
48800.0,3.0,9.0,8.0
48800.0,3.0,10.0,8.0
48800.0,4.0,11.0,8.0
48800.0,3.0,12.0,8.0
48800.0,3.0,13.0,8.0
48800.0,3.0,14.0,8.0
48800.0,3.0,15.0,8.0
48800.0,4.0,16.0,8.0
48800.0,3.0,17.0,8.0
48800.0,3.0,18.0,8.0
48800.0,4.0,19.0,8.0
48800.0,4.0,20.0,8.0
48900.0,0.0,1.0,8.0
48900.0,0.0,2.0,8.0
48900.0,0.0,3.0,8.0
48900.0,0.0,4.0,8.0
48900.0,0.0,5.0,8.0
48900.0,0.0,6.0,8.0
48900.0,1.0,7.0,8.0
48900.0,1.0,8.0,8.0
48900.0,1.0,9.0,8.0
48900.0,1.0,10.0,8.0
48900.0,1.0,11.0,8.0
48900.0,1.0,12.0,8.0
48900.0,1.0,13.0,8.0
48900.0,1.0,14.0,8.0
48900.0,1.0,15.0,8.0
48900.0,1.0,16.0,8.0
48900.0,2.0,17.0,8.0
48900.0,2.0,18.0,8.0
48900.0,2.0,19.0,8.0
48900.0,1.0,20.0,8.0
49000.0,5.0,1.0,8.0
49000.0,5.0,2.0,8.0
49000.0,6.0,3.0,8.0
49000.0,6.0,4.0,8.0
49000.0,6.0,5.0,8.0
49000.0,5.0,6.0,8.0
49000.0,6.0,7.0,8.0
49000.0,6.0,8.0,8.0
49000.0,8.0,9.0,8.0
49000.0,7.0,10.0,8.0
49000.0,8.0,11.0,8.0
49000.0,10.0,12.0,8.0
49000.0,10.0,13.0,8.0
49000.0,9.0,14.0,8.0
49000.0,9.0,15.0,8.0
49000.0,9.0,16.0,8.0
49000.0,10.0,17.0,8.0
49000.0,9.0,18.0,8.0
49000.0,9.0,19.0,8.0
49000.0,9.0,20.0,8.0
49100.0,2.0,1.0,8.0
49100.0,2.0,2.0,8.0
49100.0,2.0,3.0,8.0
49100.0,2.0,4.0,8.0
49100.0,4.0,5.0,8.0
49100.0,4.0,6.0,8.0
49100.0,7.0,7.0,8.0
49100.0,7.0,8.0,8.0
49100.0,8.0,9.0,8.0
49100.0,7.0,10.0,8.0
49100.0,7.0,11.0,8.0
49100.0,6.0,12.0,8.0
49100.0,6.0,13.0,8.0
49100.0,7.0,14.0,8.0
49100.0,8.0,15.0,8.0
49100.0,9.0,16.0,8.0
49100.0,8.0,17.0,8.0
49100.0,10.0,18.0,8.0
49100.0,10.0,19.0,8.0
49100.0,9.0,20.0,8.0
49200.0,1.0,1.0,8.0
49200.0,1.0,2.0,8.0
49200.0,1.0,3.0,8.0
49200.0,1.0,4.0,8.0
49200.0,2.0,5.0,8.0
49200.0,1.0,6.0,8.0
49200.0,1.0,7.0,8.0
49200.0,1.0,8.0,8.0
49200.0,1.0,9.0,8.0
49200.0,1.0,10.0,8.0
49200.0,1.0,11.0,8.0
49200.0,1.0,12.0,8.0
49200.0,0.0,13.0,8.0
49200.0,0.0,14.0,8.0
49200.0,0.0,15.0,8.0
49200.0,0.0,16.0,8.0
49200.0,0.0,17.0,8.0
49200.0,1.0,18.0,8.0
49200.0,0.0,19.0,8.0
49200.0,1.0,20.0,8.0
49300.0,5.0,1.0,8.0
49300.0,5.0,2.0,8.0
49300.0,6.0,3.0,8.0
49300.0,5.0,4.0,8.0
49300.0,3.0,5.0,8.0
49300.0,4.0,6.0,8.0
49300.0,3.0,7.0,8.0
49300.0,4.0,8.0,8.0
49300.0,4.0,9.0,8.0
49300.0,4.0,10.0,8.0
49300.0,5.0,11.0,8.0
49300.0,4.0,12.0,8.0
49300.0,4.0,13.0,8.0
49300.0,4.0,14.0,8.0
49300.0,5.0,15.0,8.0
49300.0,5.0,16.0,8.0
49300.0,5.0,17.0,8.0
49300.0,5.0,18.0,8.0
49300.0,6.0,19.0,8.0
49300.0,6.0,20.0,8.0
49400.0,0.0,1.0,8.0
49400.0,0.0,2.0,8.0
49400.0,1.0,3.0,8.0
49400.0,0.0,4.0,8.0
49400.0,0.0,5.0,8.0
49400.0,0.0,6.0,8.0
49400.0,0.0,7.0,8.0
49400.0,0.0,8.0,8.0
49400.0,0.0,9.0,8.0
49400.0,0.0,10.0,8.0
49400.0,0.0,11.0,8.0
49400.0,0.0,12.0,8.0
49400.0,0.0,13.0,8.0
49400.0,0.0,14.0,8.0
49400.0,0.0,15.0,8.0
49400.0,0.0,16.0,8.0
49400.0,0.0,17.0,8.0
49400.0,0.0,18.0,8.0
49400.0,0.0,19.0,8.0
49400.0,0.0,20.0,8.0
49500.0,3.0,1.0,8.0
49500.0,3.0,2.0,8.0
49500.0,4.0,3.0,8.0
49500.0,3.0,4.0,8.0
49500.0,5.0,5.0,8.0
49500.0,4.0,6.0,8.0
49500.0,5.0,7.0,8.0
49500.0,4.0,8.0,8.0
49500.0,4.0,9.0,8.0
49500.0,4.0,10.0,8.0
49500.0,5.0,11.0,8.0
49500.0,5.0,12.0,8.0
49500.0,5.0,13.0,8.0
49500.0,5.0,14.0,8.0
49500.0,5.0,15.0,8.0
49500.0,6.0,16.0,8.0
49500.0,5.0,17.0,8.0
49500.0,6.0,18.0,8.0
49500.0,6.0,19.0,8.0
49500.0,6.0,20.0,8.0
49600.0,1.0,1.0,8.0
49600.0,1.0,2.0,8.0
49600.0,3.0,3.0,8.0
49600.0,1.0,4.0,8.0
49600.0,4.0,5.0,8.0
49600.0,2.0,6.0,8.0
49600.0,5.0,7.0,8.0
49600.0,2.0,8.0,8.0
49600.0,4.0,9.0,8.0
49600.0,3.0,10.0,8.0
49600.0,4.0,11.0,8.0
49600.0,4.0,12.0,8.0
49600.0,5.0,13.0,8.0
49600.0,4.0,14.0,8.0
49600.0,4.0,15.0,8.0
49600.0,6.0,16.0,8.0
49600.0,6.0,17.0,8.0
49600.0,6.0,18.0,8.0
49600.0,6.0,19.0,8.0
49600.0,7.0,20.0,8.0
49700.0,3.0,1.0,8.0
49700.0,3.0,2.0,8.0
49700.0,2.0,3.0,8.0
49700.0,2.0,4.0,8.0
49700.0,2.0,5.0,8.0
49700.0,3.0,6.0,8.0
49700.0,2.0,7.0,8.0
49700.0,2.0,8.0,8.0
49700.0,2.0,9.0,8.0
49700.0,2.0,10.0,8.0
49700.0,2.0,11.0,8.0
49700.0,2.0,12.0,8.0
49700.0,2.0,13.0,8.0
49700.0,2.0,14.0,8.0
49700.0,2.0,15.0,8.0
49700.0,2.0,16.0,8.0
49700.0,2.0,17.0,8.0
49700.0,2.0,18.0,8.0
49700.0,2.0,19.0,8.0
49700.0,2.0,20.0,8.0
49800.0,3.0,1.0,8.0
49800.0,3.0,2.0,8.0
49800.0,2.0,3.0,8.0
49800.0,2.0,4.0,8.0
49800.0,1.0,5.0,8.0
49800.0,1.0,6.0,8.0
49800.0,1.0,7.0,8.0
49800.0,0.0,8.0,8.0
49800.0,1.0,9.0,8.0
49800.0,0.0,10.0,8.0
49800.0,1.0,11.0,8.0
49800.0,1.0,12.0,8.0
49800.0,2.0,13.0,8.0
49800.0,1.0,14.0,8.0
49800.0,2.0,15.0,8.0
49800.0,3.0,16.0,8.0
49800.0,2.0,17.0,8.0
49800.0,3.0,18.0,8.0
49800.0,2.0,19.0,8.0
49800.0,3.0,20.0,8.0
49900.0,1.0,1.0,8.0
49900.0,1.0,2.0,8.0
49900.0,2.0,3.0,8.0
49900.0,2.0,4.0,8.0
49900.0,2.0,5.0,8.0
49900.0,2.0,6.0,8.0
49900.0,2.0,7.0,8.0
49900.0,2.0,8.0,8.0
49900.0,2.0,9.0,8.0
49900.0,2.0,10.0,8.0
49900.0,2.0,11.0,8.0
49900.0,2.0,12.0,8.0
49900.0,2.0,13.0,8.0
49900.0,2.0,14.0,8.0
49900.0,2.0,15.0,8.0
49900.0,2.0,16.0,8.0
49900.0,2.0,17.0,8.0
49900.0,2.0,18.0,8.0
49900.0,2.0,19.0,8.0
49900.0,2.0,20.0,8.0
50000.0,3.0,1.0,8.0
50000.0,3.0,2.0,8.0
50000.0,4.0,3.0,8.0
50000.0,4.0,4.0,8.0
50000.0,3.0,5.0,8.0
50000.0,3.0,6.0,8.0
50000.0,3.0,7.0,8.0
50000.0,3.0,8.0,8.0
50000.0,3.0,9.0,8.0
50000.0,2.0,10.0,8.0
50000.0,2.0,11.0,8.0
50000.0,2.0,12.0,8.0
50000.0,2.0,13.0,8.0
50000.0,2.0,14.0,8.0
50000.0,2.0,15.0,8.0
50000.0,2.0,16.0,8.0
50000.0,2.0,17.0,8.0
50000.0,2.0,18.0,8.0
50000.0,2.0,19.0,8.0
50000.0,2.0,20.0,8.0
50100.0,2.0,1.0,8.0
50100.0,2.0,2.0,8.0
50100.0,1.0,3.0,8.0
50100.0,1.0,4.0,8.0
50100.0,1.0,5.0,8.0
50100.0,1.0,6.0,8.0
50100.0,1.0,7.0,8.0
50100.0,1.0,8.0,8.0
50100.0,1.0,9.0,8.0
50100.0,1.0,10.0,8.0
50100.0,0.0,11.0,8.0
50100.0,0.0,12.0,8.0
50100.0,0.0,13.0,8.0
50100.0,0.0,14.0,8.0
50100.0,0.0,15.0,8.0
50100.0,0.0,16.0,8.0
50100.0,0.0,17.0,8.0
50100.0,0.0,18.0,8.0
50100.0,0.0,19.0,8.0
50100.0,0.0,20.0,8.0
50200.0,2.0,1.0,8.0
50200.0,2.0,2.0,8.0
50200.0,0.0,3.0,8.0
50200.0,0.0,4.0,8.0
50200.0,0.0,5.0,8.0
50200.0,0.0,6.0,8.0
50200.0,0.0,7.0,8.0
50200.0,0.0,8.0,8.0
50200.0,0.0,9.0,8.0
50200.0,0.0,10.0,8.0
50200.0,0.0,11.0,8.0
50200.0,0.0,12.0,8.0
50200.0,0.0,13.0,8.0
50200.0,1.0,14.0,8.0
50200.0,1.0,15.0,8.0
50200.0,1.0,16.0,8.0
50200.0,1.0,17.0,8.0
50200.0,1.0,18.0,8.0
50200.0,1.0,19.0,8.0
50200.0,1.0,20.0,8.0
50300.0,2.0,1.0,8.0
50300.0,2.0,2.0,8.0
50300.0,2.0,3.0,8.0
50300.0,1.0,4.0,8.0
50300.0,1.0,5.0,8.0
50300.0,2.0,6.0,8.0
50300.0,3.0,7.0,8.0
50300.0,3.0,8.0,8.0
50300.0,3.0,9.0,8.0
50300.0,3.0,10.0,8.0
50300.0,3.0,11.0,8.0
50300.0,3.0,12.0,8.0
50300.0,3.0,13.0,8.0
50300.0,3.0,14.0,8.0
50300.0,4.0,15.0,8.0
50300.0,4.0,16.0,8.0
50300.0,4.0,17.0,8.0
50300.0,4.0,18.0,8.0
50300.0,4.0,19.0,8.0
50300.0,4.0,20.0,8.0
50400.0,7.0,1.0,8.0
50400.0,7.0,2.0,8.0
50400.0,7.0,3.0,8.0
50400.0,7.0,4.0,8.0
50400.0,6.0,5.0,8.0
50400.0,7.0,6.0,8.0
50400.0,6.0,7.0,8.0
50400.0,7.0,8.0,8.0
50400.0,6.0,9.0,8.0
50400.0,7.0,10.0,8.0
50400.0,6.0,11.0,8.0
50400.0,6.0,12.0,8.0
50400.0,7.0,13.0,8.0
50400.0,7.0,14.0,8.0
50400.0,7.0,15.0,8.0
50400.0,8.0,16.0,8.0
50400.0,7.0,17.0,8.0
50400.0,8.0,18.0,8.0
50400.0,7.0,19.0,8.0
50400.0,7.0,20.0,8.0
50500.0,9.0,1.0,8.0
50500.0,9.0,2.0,8.0
50500.0,9.0,3.0,8.0
50500.0,9.0,4.0,8.0
50500.0,10.0,5.0,8.0
50500.0,9.0,6.0,8.0
50500.0,8.0,7.0,8.0
50500.0,8.0,8.0,8.0
50500.0,8.0,9.0,8.0
50500.0,8.0,10.0,8.0
50500.0,8.0,11.0,8.0
50500.0,8.0,12.0,8.0
50500.0,7.0,13.0,8.0
50500.0,8.0,14.0,8.0
50500.0,7.0,15.0,8.0
50500.0,8.0,16.0,8.0
50500.0,7.0,17.0,8.0
50500.0,7.0,18.0,8.0
50500.0,7.0,19.0,8.0
50500.0,8.0,20.0,8.0
50600.0,3.0,1.0,8.0
50600.0,3.0,2.0,8.0
50600.0,3.0,3.0,8.0
50600.0,3.0,4.0,8.0
50600.0,3.0,5.0,8.0
50600.0,3.0,6.0,8.0
50600.0,3.0,7.0,8.0
50600.0,3.0,8.0,8.0
50600.0,3.0,9.0,8.0
50600.0,3.0,10.0,8.0
50600.0,3.0,11.0,8.0
50600.0,3.0,12.0,8.0
50600.0,3.0,13.0,8.0
50600.0,3.0,14.0,8.0
50600.0,3.0,15.0,8.0
50600.0,3.0,16.0,8.0
50600.0,3.0,17.0,8.0
50600.0,3.0,18.0,8.0
50600.0,3.0,19.0,8.0
50600.0,3.0,20.0,8.0
50700.0,1.0,1.0,8.0
50700.0,1.0,2.0,8.0
50700.0,3.0,3.0,8.0
50700.0,1.0,4.0,8.0
50700.0,1.0,5.0,8.0
50700.0,1.0,6.0,8.0
50700.0,1.0,7.0,8.0
50700.0,1.0,8.0,8.0
50700.0,3.0,9.0,8.0
50700.0,2.0,10.0,8.0
50700.0,1.0,11.0,8.0
50700.0,1.0,12.0,8.0
50700.0,2.0,13.0,8.0
50700.0,2.0,14.0,8.0
50700.0,2.0,15.0,8.0
50700.0,3.0,16.0,8.0
50700.0,2.0,17.0,8.0
50700.0,2.0,18.0,8.0
50700.0,2.0,19.0,8.0
50700.0,2.0,20.0,8.0
50800.0,2.0,1.0,8.0
50800.0,2.0,2.0,8.0
50800.0,2.0,3.0,8.0
50800.0,2.0,4.0,8.0
50800.0,2.0,5.0,8.0
50800.0,2.0,6.0,8.0
50800.0,3.0,7.0,8.0
50800.0,2.0,8.0,8.0
50800.0,2.0,9.0,8.0
50800.0,2.0,10.0,8.0
50800.0,2.0,11.0,8.0
50800.0,2.0,12.0,8.0
50800.0,2.0,13.0,8.0
50800.0,2.0,14.0,8.0
50800.0,2.0,15.0,8.0
50800.0,2.0,16.0,8.0
50800.0,2.0,17.0,8.0
50800.0,2.0,18.0,8.0
50800.0,2.0,19.0,8.0
50800.0,2.0,20.0,8.0
50900.0,1.0,1.0,8.0
50900.0,1.0,2.0,8.0
50900.0,0.0,3.0,8.0
50900.0,0.0,4.0,8.0
50900.0,0.0,5.0,8.0
50900.0,1.0,6.0,8.0
50900.0,1.0,7.0,8.0
50900.0,1.0,8.0,8.0
50900.0,1.0,9.0,8.0
50900.0,1.0,10.0,8.0
50900.0,1.0,11.0,8.0
50900.0,1.0,12.0,8.0
50900.0,1.0,13.0,8.0
50900.0,1.0,14.0,8.0
50900.0,1.0,15.0,8.0
50900.0,1.0,16.0,8.0
50900.0,1.0,17.0,8.0
50900.0,1.0,18.0,8.0
50900.0,1.0,19.0,8.0
50900.0,1.0,20.0,8.0
51000.0,0.0,1.0,8.0
51000.0,0.0,2.0,8.0
51000.0,1.0,3.0,8.0
51000.0,0.0,4.0,8.0
51000.0,1.0,5.0,8.0
51000.0,1.0,6.0,8.0
51000.0,2.0,7.0,8.0
51000.0,2.0,8.0,8.0
51000.0,3.0,9.0,8.0
51000.0,2.0,10.0,8.0
51000.0,3.0,11.0,8.0
51000.0,3.0,12.0,8.0
51000.0,3.0,13.0,8.0
51000.0,1.0,14.0,8.0
51000.0,2.0,15.0,8.0
51000.0,2.0,16.0,8.0
51000.0,2.0,17.0,8.0
51000.0,1.0,18.0,8.0
51000.0,2.0,19.0,8.0
51000.0,2.0,20.0,8.0
51100.0,0.0,1.0,8.0
51100.0,0.0,2.0,8.0
51100.0,2.0,3.0,8.0
51100.0,1.0,4.0,8.0
51100.0,1.0,5.0,8.0
51100.0,1.0,6.0,8.0
51100.0,1.0,7.0,8.0
51100.0,1.0,8.0,8.0
51100.0,1.0,9.0,8.0
51100.0,1.0,10.0,8.0
51100.0,1.0,11.0,8.0
51100.0,1.0,12.0,8.0
51100.0,0.0,13.0,8.0
51100.0,0.0,14.0,8.0
51100.0,0.0,15.0,8.0
51100.0,0.0,16.0,8.0
51100.0,1.0,17.0,8.0
51100.0,0.0,18.0,8.0
51100.0,1.0,19.0,8.0
51100.0,0.0,20.0,8.0
51200.0,2.0,1.0,8.0
51200.0,2.0,2.0,8.0
51200.0,1.0,3.0,8.0
51200.0,1.0,4.0,8.0
51200.0,1.0,5.0,8.0
51200.0,1.0,6.0,8.0
51200.0,0.0,7.0,8.0
51200.0,0.0,8.0,8.0
51200.0,0.0,9.0,8.0
51200.0,0.0,10.0,8.0
51200.0,0.0,11.0,8.0
51200.0,1.0,12.0,8.0
51200.0,1.0,13.0,8.0
51200.0,1.0,14.0,8.0
51200.0,0.0,15.0,8.0
51200.0,0.0,16.0,8.0
51200.0,0.0,17.0,8.0
51200.0,1.0,18.0,8.0
51200.0,0.0,19.0,8.0
51200.0,1.0,20.0,8.0
51300.0,3.0,1.0,8.0
51300.0,3.0,2.0,8.0
51300.0,3.0,3.0,8.0
51300.0,3.0,4.0,8.0
51300.0,2.0,5.0,8.0
51300.0,3.0,6.0,8.0
51300.0,3.0,7.0,8.0
51300.0,2.0,8.0,8.0
51300.0,2.0,9.0,8.0
51300.0,2.0,10.0,8.0
51300.0,2.0,11.0,8.0
51300.0,2.0,12.0,8.0
51300.0,2.0,13.0,8.0
51300.0,2.0,14.0,8.0
51300.0,2.0,15.0,8.0
51300.0,2.0,16.0,8.0
51300.0,2.0,17.0,8.0
51300.0,2.0,18.0,8.0
51300.0,3.0,19.0,8.0
51300.0,3.0,20.0,8.0
51400.0,2.0,1.0,8.0
51400.0,2.0,2.0,8.0
51400.0,2.0,3.0,8.0
51400.0,2.0,4.0,8.0
51400.0,2.0,5.0,8.0
51400.0,2.0,6.0,8.0
51400.0,2.0,7.0,8.0
51400.0,2.0,8.0,8.0
51400.0,2.0,9.0,8.0
51400.0,2.0,10.0,8.0
51400.0,2.0,11.0,8.0
51400.0,2.0,12.0,8.0
51400.0,3.0,13.0,8.0
51400.0,3.0,14.0,8.0
51400.0,3.0,15.0,8.0
51400.0,3.0,16.0,8.0
51400.0,3.0,17.0,8.0
51400.0,3.0,18.0,8.0
51400.0,3.0,19.0,8.0
51400.0,3.0,20.0,8.0
51500.0,1.0,1.0,8.0
51500.0,1.0,2.0,8.0
51500.0,1.0,3.0,8.0
51500.0,1.0,4.0,8.0
51500.0,1.0,5.0,8.0
51500.0,1.0,6.0,8.0
51500.0,1.0,7.0,8.0
51500.0,1.0,8.0,8.0
51500.0,1.0,9.0,8.0
51500.0,1.0,10.0,8.0
51500.0,1.0,11.0,8.0
51500.0,1.0,12.0,8.0
51500.0,1.0,13.0,8.0
51500.0,1.0,14.0,8.0
51500.0,1.0,15.0,8.0
51500.0,1.0,16.0,8.0
51500.0,1.0,17.0,8.0
51500.0,1.0,18.0,8.0
51500.0,1.0,19.0,8.0
51500.0,1.0,20.0,8.0
51600.0,3.0,1.0,8.0
51600.0,3.0,2.0,8.0
51600.0,1.0,3.0,8.0
51600.0,2.0,4.0,8.0
51600.0,3.0,5.0,8.0
51600.0,3.0,6.0,8.0
51600.0,3.0,7.0,8.0
51600.0,3.0,8.0,8.0
51600.0,3.0,9.0,8.0
51600.0,2.0,10.0,8.0
51600.0,2.0,11.0,8.0
51600.0,2.0,12.0,8.0
51600.0,2.0,13.0,8.0
51600.0,2.0,14.0,8.0
51600.0,2.0,15.0,8.0
51600.0,2.0,16.0,8.0
51600.0,2.0,17.0,8.0
51600.0,2.0,18.0,8.0
51600.0,2.0,19.0,8.0
51600.0,3.0,20.0,8.0
51700.0,1.0,1.0,8.0
51700.0,1.0,2.0,8.0
51700.0,1.0,3.0,8.0
51700.0,1.0,4.0,8.0
51700.0,1.0,5.0,8.0
51700.0,1.0,6.0,8.0
51700.0,1.0,7.0,8.0
51700.0,1.0,8.0,8.0
51700.0,1.0,9.0,8.0
51700.0,1.0,10.0,8.0
51700.0,1.0,11.0,8.0
51700.0,1.0,12.0,8.0
51700.0,1.0,13.0,8.0
51700.0,1.0,14.0,8.0
51700.0,1.0,15.0,8.0
51700.0,1.0,16.0,8.0
51700.0,1.0,17.0,8.0
51700.0,1.0,18.0,8.0
51700.0,1.0,19.0,8.0
51700.0,1.0,20.0,8.0
51800.0,3.0,1.0,8.0
51800.0,3.0,2.0,8.0
51800.0,2.0,3.0,8.0
51800.0,2.0,4.0,8.0
51800.0,2.0,5.0,8.0
51800.0,2.0,6.0,8.0
51800.0,2.0,7.0,8.0
51800.0,2.0,8.0,8.0
51800.0,2.0,9.0,8.0
51800.0,2.0,10.0,8.0
51800.0,2.0,11.0,8.0
51800.0,2.0,12.0,8.0
51800.0,2.0,13.0,8.0
51800.0,2.0,14.0,8.0
51800.0,2.0,15.0,8.0
51800.0,3.0,16.0,8.0
51800.0,3.0,17.0,8.0
51800.0,3.0,18.0,8.0
51800.0,3.0,19.0,8.0
51800.0,3.0,20.0,8.0
51900.0,0.0,1.0,8.0
51900.0,0.0,2.0,8.0
51900.0,0.0,3.0,8.0
51900.0,0.0,4.0,8.0
51900.0,0.0,5.0,8.0
51900.0,1.0,6.0,8.0
51900.0,0.0,7.0,8.0
51900.0,1.0,8.0,8.0
51900.0,0.0,9.0,8.0
51900.0,0.0,10.0,8.0
51900.0,0.0,11.0,8.0
51900.0,0.0,12.0,8.0
51900.0,0.0,13.0,8.0
51900.0,0.0,14.0,8.0
51900.0,0.0,15.0,8.0
51900.0,0.0,16.0,8.0
51900.0,0.0,17.0,8.0
51900.0,1.0,18.0,8.0
51900.0,1.0,19.0,8.0
51900.0,1.0,20.0,8.0
52000.0,4.0,1.0,8.0
52000.0,4.0,2.0,8.0
52000.0,4.0,3.0,8.0
52000.0,3.0,4.0,8.0
52000.0,4.0,5.0,8.0
52000.0,4.0,6.0,8.0
52000.0,5.0,7.0,8.0
52000.0,3.0,8.0,8.0
52000.0,3.0,9.0,8.0
52000.0,4.0,10.0,8.0
52000.0,3.0,11.0,8.0
52000.0,4.0,12.0,8.0
52000.0,4.0,13.0,8.0
52000.0,4.0,14.0,8.0
52000.0,4.0,15.0,8.0
52000.0,4.0,16.0,8.0
52000.0,5.0,17.0,8.0
52000.0,5.0,18.0,8.0
52000.0,5.0,19.0,8.0
52000.0,5.0,20.0,8.0
52100.0,1.0,1.0,8.0
52100.0,1.0,2.0,8.0
52100.0,1.0,3.0,8.0
52100.0,1.0,4.0,8.0
52100.0,1.0,5.0,8.0
52100.0,1.0,6.0,8.0
52100.0,1.0,7.0,8.0
52100.0,1.0,8.0,8.0
52100.0,1.0,9.0,8.0
52100.0,1.0,10.0,8.0
52100.0,1.0,11.0,8.0
52100.0,1.0,12.0,8.0
52100.0,1.0,13.0,8.0
52100.0,1.0,14.0,8.0
52100.0,1.0,15.0,8.0
52100.0,1.0,16.0,8.0
52100.0,1.0,17.0,8.0
52100.0,1.0,18.0,8.0
52100.0,1.0,19.0,8.0
52100.0,1.0,20.0,8.0
52200.0,2.0,1.0,8.0
52200.0,2.0,2.0,8.0
52200.0,2.0,3.0,8.0
52200.0,2.0,4.0,8.0
52200.0,3.0,5.0,8.0
52200.0,2.0,6.0,8.0
52200.0,3.0,7.0,8.0
52200.0,3.0,8.0,8.0
52200.0,5.0,9.0,8.0
52200.0,6.0,10.0,8.0
52200.0,6.0,11.0,8.0
52200.0,6.0,12.0,8.0
52200.0,7.0,13.0,8.0
52200.0,6.0,14.0,8.0
52200.0,6.0,15.0,8.0
52200.0,6.0,16.0,8.0
52200.0,6.0,17.0,8.0
52200.0,6.0,18.0,8.0
52200.0,6.0,19.0,8.0
52200.0,6.0,20.0,8.0
52300.0,4.0,1.0,8.0
52300.0,4.0,2.0,8.0
52300.0,5.0,3.0,8.0
52300.0,5.0,4.0,8.0
52300.0,6.0,5.0,8.0
52300.0,5.0,6.0,8.0
52300.0,5.0,7.0,8.0
52300.0,5.0,8.0,8.0
52300.0,7.0,9.0,8.0
52300.0,6.0,10.0,8.0
52300.0,6.0,11.0,8.0
52300.0,6.0,12.0,8.0
52300.0,8.0,13.0,8.0
52300.0,6.0,14.0,8.0
52300.0,6.0,15.0,8.0
52300.0,6.0,16.0,8.0
52300.0,6.0,17.0,8.0
52300.0,6.0,18.0,8.0
52300.0,6.0,19.0,8.0
52300.0,6.0,20.0,8.0
52400.0,2.0,1.0,8.0
52400.0,2.0,2.0,8.0
52400.0,1.0,3.0,8.0
52400.0,2.0,4.0,8.0
52400.0,2.0,5.0,8.0
52400.0,2.0,6.0,8.0
52400.0,2.0,7.0,8.0
52400.0,2.0,8.0,8.0
52400.0,2.0,9.0,8.0
52400.0,1.0,10.0,8.0
52400.0,1.0,11.0,8.0
52400.0,1.0,12.0,8.0
52400.0,1.0,13.0,8.0
52400.0,1.0,14.0,8.0
52400.0,1.0,15.0,8.0
52400.0,1.0,16.0,8.0
52400.0,1.0,17.0,8.0
52400.0,1.0,18.0,8.0
52400.0,1.0,19.0,8.0
52400.0,1.0,20.0,8.0
52500.0,3.0,1.0,8.0
52500.0,3.0,2.0,8.0
52500.0,2.0,3.0,8.0
52500.0,3.0,4.0,8.0
52500.0,4.0,5.0,8.0
52500.0,3.0,6.0,8.0
52500.0,2.0,7.0,8.0
52500.0,2.0,8.0,8.0
52500.0,1.0,9.0,8.0
52500.0,1.0,10.0,8.0
52500.0,1.0,11.0,8.0
52500.0,3.0,12.0,8.0
52500.0,2.0,13.0,8.0
52500.0,2.0,14.0,8.0
52500.0,2.0,15.0,8.0
52500.0,1.0,16.0,8.0
52500.0,1.0,17.0,8.0
52500.0,2.0,18.0,8.0
52500.0,2.0,19.0,8.0
52500.0,3.0,20.0,8.0
52600.0,1.0,1.0,8.0
52600.0,1.0,2.0,8.0
52600.0,0.0,3.0,8.0
52600.0,1.0,4.0,8.0
52600.0,1.0,5.0,8.0
52600.0,1.0,6.0,8.0
52600.0,0.0,7.0,8.0
52600.0,1.0,8.0,8.0
52600.0,2.0,9.0,8.0
52600.0,2.0,10.0,8.0
52600.0,1.0,11.0,8.0
52600.0,1.0,12.0,8.0
52600.0,1.0,13.0,8.0
52600.0,1.0,14.0,8.0
52600.0,1.0,15.0,8.0
52600.0,0.0,16.0,8.0
52600.0,0.0,17.0,8.0
52600.0,0.0,18.0,8.0
52600.0,0.0,19.0,8.0
52600.0,0.0,20.0,8.0
52700.0,2.0,1.0,8.0
52700.0,2.0,2.0,8.0
52700.0,1.0,3.0,8.0
52700.0,1.0,4.0,8.0
52700.0,1.0,5.0,8.0
52700.0,1.0,6.0,8.0
52700.0,1.0,7.0,8.0
52700.0,1.0,8.0,8.0
52700.0,1.0,9.0,8.0
52700.0,1.0,10.0,8.0
52700.0,1.0,11.0,8.0
52700.0,1.0,12.0,8.0
52700.0,2.0,13.0,8.0
52700.0,1.0,14.0,8.0
52700.0,2.0,15.0,8.0
52700.0,2.0,16.0,8.0
52700.0,2.0,17.0,8.0
52700.0,2.0,18.0,8.0
52700.0,1.0,19.0,8.0
52700.0,2.0,20.0,8.0
52800.0,2.0,1.0,8.0
52800.0,2.0,2.0,8.0
52800.0,2.0,3.0,8.0
52800.0,2.0,4.0,8.0
52800.0,1.0,5.0,8.0
52800.0,2.0,6.0,8.0
52800.0,1.0,7.0,8.0
52800.0,1.0,8.0,8.0
52800.0,1.0,9.0,8.0
52800.0,1.0,10.0,8.0
52800.0,3.0,11.0,8.0
52800.0,3.0,12.0,8.0
52800.0,3.0,13.0,8.0
52800.0,3.0,14.0,8.0
52800.0,3.0,15.0,8.0
52800.0,3.0,16.0,8.0
52800.0,3.0,17.0,8.0
52800.0,3.0,18.0,8.0
52800.0,3.0,19.0,8.0
52800.0,3.0,20.0,8.0
52900.0,1.0,1.0,8.0
52900.0,1.0,2.0,8.0
52900.0,4.0,3.0,8.0
52900.0,4.0,4.0,8.0
52900.0,5.0,5.0,8.0
52900.0,5.0,6.0,8.0
52900.0,6.0,7.0,8.0
52900.0,5.0,8.0,8.0
52900.0,5.0,9.0,8.0
52900.0,5.0,10.0,8.0
52900.0,6.0,11.0,8.0
52900.0,5.0,12.0,8.0
52900.0,6.0,13.0,8.0
52900.0,6.0,14.0,8.0
52900.0,6.0,15.0,8.0
52900.0,6.0,16.0,8.0
52900.0,7.0,17.0,8.0
52900.0,7.0,18.0,8.0
52900.0,6.0,19.0,8.0
52900.0,5.0,20.0,8.0
53000.0,7.0,1.0,8.0
53000.0,7.0,2.0,8.0
53000.0,5.0,3.0,8.0
53000.0,7.0,4.0,8.0
53000.0,7.0,5.0,8.0
53000.0,7.0,6.0,8.0
53000.0,7.0,7.0,8.0
53000.0,8.0,8.0,8.0
53000.0,7.0,9.0,8.0
53000.0,7.0,10.0,8.0
53000.0,7.0,11.0,8.0
53000.0,7.0,12.0,8.0
53000.0,7.0,13.0,8.0
53000.0,7.0,14.0,8.0
53000.0,8.0,15.0,8.0
53000.0,9.0,16.0,8.0
53000.0,9.0,17.0,8.0
53000.0,10.0,18.0,8.0
53000.0,10.0,19.0,8.0
53000.0,9.0,20.0,8.0
53100.0,5.0,1.0,8.0
53100.0,5.0,2.0,8.0
53100.0,4.0,3.0,8.0
53100.0,4.0,4.0,8.0
53100.0,5.0,5.0,8.0
53100.0,3.0,6.0,8.0
53100.0,3.0,7.0,8.0
53100.0,4.0,8.0,8.0
53100.0,3.0,9.0,8.0
53100.0,5.0,10.0,8.0
53100.0,4.0,11.0,8.0
53100.0,5.0,12.0,8.0
53100.0,5.0,13.0,8.0
53100.0,6.0,14.0,8.0
53100.0,6.0,15.0,8.0
53100.0,7.0,16.0,8.0
53100.0,6.0,17.0,8.0
53100.0,6.0,18.0,8.0
53100.0,6.0,19.0,8.0
53100.0,6.0,20.0,8.0
53200.0,1.0,1.0,8.0
53200.0,1.0,2.0,8.0
53200.0,1.0,3.0,8.0
53200.0,1.0,4.0,8.0
53200.0,1.0,5.0,8.0
53200.0,1.0,6.0,8.0
53200.0,1.0,7.0,8.0
53200.0,1.0,8.0,8.0
53200.0,3.0,9.0,8.0
53200.0,2.0,10.0,8.0
53200.0,4.0,11.0,8.0
53200.0,2.0,12.0,8.0
53200.0,3.0,13.0,8.0
53200.0,4.0,14.0,8.0
53200.0,4.0,15.0,8.0
53200.0,5.0,16.0,8.0
53200.0,5.0,17.0,8.0
53200.0,4.0,18.0,8.0
53200.0,4.0,19.0,8.0
53200.0,4.0,20.0,8.0
53300.0,3.0,1.0,8.0
53300.0,3.0,2.0,8.0
53300.0,3.0,3.0,8.0
53300.0,3.0,4.0,8.0
53300.0,2.0,5.0,8.0
53300.0,2.0,6.0,8.0
53300.0,2.0,7.0,8.0
53300.0,2.0,8.0,8.0
53300.0,2.0,9.0,8.0
53300.0,2.0,10.0,8.0
53300.0,2.0,11.0,8.0
53300.0,2.0,12.0,8.0
53300.0,2.0,13.0,8.0
53300.0,2.0,14.0,8.0
53300.0,2.0,15.0,8.0
53300.0,1.0,16.0,8.0
53300.0,2.0,17.0,8.0
53300.0,2.0,18.0,8.0
53300.0,2.0,19.0,8.0
53300.0,2.0,20.0,8.0
53400.0,1.0,1.0,8.0
53400.0,1.0,2.0,8.0
53400.0,2.0,3.0,8.0
53400.0,2.0,4.0,8.0
53400.0,2.0,5.0,8.0
53400.0,1.0,6.0,8.0
53400.0,1.0,7.0,8.0
53400.0,1.0,8.0,8.0
53400.0,1.0,9.0,8.0
53400.0,1.0,10.0,8.0
53400.0,2.0,11.0,8.0
53400.0,1.0,12.0,8.0
53400.0,0.0,13.0,8.0
53400.0,0.0,14.0,8.0
53400.0,0.0,15.0,8.0
53400.0,0.0,16.0,8.0
53400.0,0.0,17.0,8.0
53400.0,0.0,18.0,8.0
53400.0,0.0,19.0,8.0
53400.0,0.0,20.0,8.0
53500.0,2.0,1.0,8.0
53500.0,2.0,2.0,8.0
53500.0,2.0,3.0,8.0
53500.0,2.0,4.0,8.0
53500.0,2.0,5.0,8.0
53500.0,2.0,6.0,8.0
53500.0,2.0,7.0,8.0
53500.0,2.0,8.0,8.0
53500.0,2.0,9.0,8.0
53500.0,2.0,10.0,8.0
53500.0,2.0,11.0,8.0
53500.0,2.0,12.0,8.0
53500.0,2.0,13.0,8.0
53500.0,2.0,14.0,8.0
53500.0,2.0,15.0,8.0
53500.0,1.0,16.0,8.0
53500.0,1.0,17.0,8.0
53500.0,1.0,18.0,8.0
53500.0,1.0,19.0,8.0
53500.0,1.0,20.0,8.0
53600.0,2.0,1.0,8.0
53600.0,2.0,2.0,8.0
53600.0,4.0,3.0,8.0
53600.0,4.0,4.0,8.0
53600.0,3.0,5.0,8.0
53600.0,4.0,6.0,8.0
53600.0,4.0,7.0,8.0
53600.0,4.0,8.0,8.0
53600.0,4.0,9.0,8.0
53600.0,4.0,10.0,8.0
53600.0,4.0,11.0,8.0
53600.0,4.0,12.0,8.0
53600.0,4.0,13.0,8.0
53600.0,4.0,14.0,8.0
53600.0,6.0,15.0,8.0
53600.0,5.0,16.0,8.0
53600.0,6.0,17.0,8.0
53600.0,5.0,18.0,8.0
53600.0,7.0,19.0,8.0
53600.0,7.0,20.0,8.0
53700.0,1.0,1.0,8.0
53700.0,1.0,2.0,8.0
53700.0,1.0,3.0,8.0
53700.0,1.0,4.0,8.0
53700.0,2.0,5.0,8.0
53700.0,2.0,6.0,8.0
53700.0,3.0,7.0,8.0
53700.0,3.0,8.0,8.0
53700.0,3.0,9.0,8.0
53700.0,3.0,10.0,8.0
53700.0,3.0,11.0,8.0
53700.0,3.0,12.0,8.0
53700.0,4.0,13.0,8.0
53700.0,4.0,14.0,8.0
53700.0,4.0,15.0,8.0
53700.0,4.0,16.0,8.0
53700.0,4.0,17.0,8.0
53700.0,4.0,18.0,8.0
53700.0,4.0,19.0,8.0
53700.0,3.0,20.0,8.0
53800.0,3.0,1.0,8.0
53800.0,3.0,2.0,8.0
53800.0,1.0,3.0,8.0
53800.0,1.0,4.0,8.0
53800.0,2.0,5.0,8.0
53800.0,1.0,6.0,8.0
53800.0,1.0,7.0,8.0
53800.0,1.0,8.0,8.0
53800.0,1.0,9.0,8.0
53800.0,1.0,10.0,8.0
53800.0,1.0,11.0,8.0
53800.0,1.0,12.0,8.0
53800.0,1.0,13.0,8.0
53800.0,1.0,14.0,8.0
53800.0,1.0,15.0,8.0
53800.0,1.0,16.0,8.0
53800.0,1.0,17.0,8.0
53800.0,1.0,18.0,8.0
53800.0,1.0,19.0,8.0
53800.0,1.0,20.0,8.0
53900.0,4.0,1.0,8.0
53900.0,4.0,2.0,8.0
53900.0,2.0,3.0,8.0
53900.0,4.0,4.0,8.0
53900.0,5.0,5.0,8.0
53900.0,4.0,6.0,8.0
53900.0,5.0,7.0,8.0
53900.0,4.0,8.0,8.0
53900.0,4.0,9.0,8.0
53900.0,4.0,10.0,8.0
53900.0,4.0,11.0,8.0
53900.0,5.0,12.0,8.0
53900.0,5.0,13.0,8.0
53900.0,5.0,14.0,8.0
53900.0,5.0,15.0,8.0
53900.0,5.0,16.0,8.0
53900.0,5.0,17.0,8.0
53900.0,5.0,18.0,8.0
53900.0,5.0,19.0,8.0
53900.0,5.0,20.0,8.0
54000.0,5.0,1.0,8.0
54000.0,5.0,2.0,8.0
54000.0,4.0,3.0,8.0
54000.0,3.0,4.0,8.0
54000.0,4.0,5.0,8.0
54000.0,4.0,6.0,8.0
54000.0,5.0,7.0,8.0
54000.0,5.0,8.0,8.0
54000.0,5.0,9.0,8.0
54000.0,4.0,10.0,8.0
54000.0,5.0,11.0,8.0
54000.0,5.0,12.0,8.0
54000.0,4.0,13.0,8.0
54000.0,4.0,14.0,8.0
54000.0,4.0,15.0,8.0
54000.0,5.0,16.0,8.0
54000.0,5.0,17.0,8.0
54000.0,6.0,18.0,8.0
54000.0,6.0,19.0,8.0
54000.0,6.0,20.0,8.0
54100.0,3.0,1.0,8.0
54100.0,3.0,2.0,8.0
54100.0,3.0,3.0,8.0
54100.0,3.0,4.0,8.0
54100.0,2.0,5.0,8.0
54100.0,2.0,6.0,8.0
54100.0,1.0,7.0,8.0
54100.0,2.0,8.0,8.0
54100.0,3.0,9.0,8.0
54100.0,3.0,10.0,8.0
54100.0,3.0,11.0,8.0
54100.0,2.0,12.0,8.0
54100.0,2.0,13.0,8.0
54100.0,2.0,14.0,8.0
54100.0,3.0,15.0,8.0
54100.0,2.0,16.0,8.0
54100.0,1.0,17.0,8.0
54100.0,1.0,18.0,8.0
54100.0,1.0,19.0,8.0
54100.0,2.0,20.0,8.0
54200.0,0.0,1.0,8.0
54200.0,0.0,2.0,8.0
54200.0,0.0,3.0,8.0
54200.0,0.0,4.0,8.0
54200.0,1.0,5.0,8.0
54200.0,1.0,6.0,8.0
54200.0,1.0,7.0,8.0
54200.0,1.0,8.0,8.0
54200.0,1.0,9.0,8.0
54200.0,1.0,10.0,8.0
54200.0,1.0,11.0,8.0
54200.0,1.0,12.0,8.0
54200.0,1.0,13.0,8.0
54200.0,1.0,14.0,8.0
54200.0,1.0,15.0,8.0
54200.0,1.0,16.0,8.0
54200.0,2.0,17.0,8.0
54200.0,2.0,18.0,8.0
54200.0,2.0,19.0,8.0
54200.0,2.0,20.0,8.0
54300.0,2.0,1.0,8.0
54300.0,2.0,2.0,8.0
54300.0,3.0,3.0,8.0
54300.0,2.0,4.0,8.0
54300.0,3.0,5.0,8.0
54300.0,3.0,6.0,8.0
54300.0,3.0,7.0,8.0
54300.0,3.0,8.0,8.0
54300.0,3.0,9.0,8.0
54300.0,2.0,10.0,8.0
54300.0,2.0,11.0,8.0
54300.0,2.0,12.0,8.0
54300.0,2.0,13.0,8.0
54300.0,2.0,14.0,8.0
54300.0,2.0,15.0,8.0
54300.0,2.0,16.0,8.0
54300.0,2.0,17.0,8.0
54300.0,2.0,18.0,8.0
54300.0,2.0,19.0,8.0
54300.0,2.0,20.0,8.0
54400.0,1.0,1.0,8.0
54400.0,1.0,2.0,8.0
54400.0,4.0,3.0,8.0
54400.0,2.0,4.0,8.0
54400.0,1.0,5.0,8.0
54400.0,1.0,6.0,8.0
54400.0,1.0,7.0,8.0
54400.0,2.0,8.0,8.0
54400.0,1.0,9.0,8.0
54400.0,2.0,10.0,8.0
54400.0,2.0,11.0,8.0
54400.0,2.0,12.0,8.0
54400.0,2.0,13.0,8.0
54400.0,2.0,14.0,8.0
54400.0,2.0,15.0,8.0
54400.0,2.0,16.0,8.0
54400.0,2.0,17.0,8.0
54400.0,2.0,18.0,8.0
54400.0,2.0,19.0,8.0
54400.0,2.0,20.0,8.0
54500.0,2.0,1.0,8.0
54500.0,2.0,2.0,8.0
54500.0,2.0,3.0,8.0
54500.0,2.0,4.0,8.0
54500.0,2.0,5.0,8.0
54500.0,2.0,6.0,8.0
54500.0,2.0,7.0,8.0
54500.0,2.0,8.0,8.0
54500.0,2.0,9.0,8.0
54500.0,2.0,10.0,8.0
54500.0,2.0,11.0,8.0
54500.0,2.0,12.0,8.0
54500.0,2.0,13.0,8.0
54500.0,2.0,14.0,8.0
54500.0,2.0,15.0,8.0
54500.0,2.0,16.0,8.0
54500.0,2.0,17.0,8.0
54500.0,3.0,18.0,8.0
54500.0,2.0,19.0,8.0
54500.0,2.0,20.0,8.0
54600.0,2.0,1.0,8.0
54600.0,2.0,2.0,8.0
54600.0,3.0,3.0,8.0
54600.0,2.0,4.0,8.0
54600.0,4.0,5.0,8.0
54600.0,4.0,6.0,8.0
54600.0,4.0,7.0,8.0
54600.0,4.0,8.0,8.0
54600.0,4.0,9.0,8.0
54600.0,2.0,10.0,8.0
54600.0,3.0,11.0,8.0
54600.0,4.0,12.0,8.0
54600.0,4.0,13.0,8.0
54600.0,5.0,14.0,8.0
54600.0,6.0,15.0,8.0
54600.0,5.0,16.0,8.0
54600.0,6.0,17.0,8.0
54600.0,5.0,18.0,8.0
54600.0,7.0,19.0,8.0
54600.0,6.0,20.0,8.0
54700.0,3.0,1.0,8.0
54700.0,3.0,2.0,8.0
54700.0,2.0,3.0,8.0
54700.0,2.0,4.0,8.0
54700.0,2.0,5.0,8.0
54700.0,2.0,6.0,8.0
54700.0,3.0,7.0,8.0
54700.0,3.0,8.0,8.0
54700.0,3.0,9.0,8.0
54700.0,3.0,10.0,8.0
54700.0,3.0,11.0,8.0
54700.0,3.0,12.0,8.0
54700.0,3.0,13.0,8.0
54700.0,3.0,14.0,8.0
54700.0,3.0,15.0,8.0
54700.0,3.0,16.0,8.0
54700.0,3.0,17.0,8.0
54700.0,3.0,18.0,8.0
54700.0,3.0,19.0,8.0
54700.0,3.0,20.0,8.0
54800.0,2.0,1.0,8.0
54800.0,2.0,2.0,8.0
54800.0,2.0,3.0,8.0
54800.0,2.0,4.0,8.0
54800.0,2.0,5.0,8.0
54800.0,2.0,6.0,8.0
54800.0,2.0,7.0,8.0
54800.0,2.0,8.0,8.0
54800.0,3.0,9.0,8.0
54800.0,3.0,10.0,8.0
54800.0,3.0,11.0,8.0
54800.0,3.0,12.0,8.0
54800.0,3.0,13.0,8.0
54800.0,3.0,14.0,8.0
54800.0,3.0,15.0,8.0
54800.0,3.0,16.0,8.0
54800.0,3.0,17.0,8.0
54800.0,3.0,18.0,8.0
54800.0,3.0,19.0,8.0
54800.0,3.0,20.0,8.0
54900.0,2.0,1.0,8.0
54900.0,2.0,2.0,8.0
54900.0,2.0,3.0,8.0
54900.0,3.0,4.0,8.0
54900.0,3.0,5.0,8.0
54900.0,2.0,6.0,8.0
54900.0,2.0,7.0,8.0
54900.0,2.0,8.0,8.0
54900.0,3.0,9.0,8.0
54900.0,2.0,10.0,8.0
54900.0,3.0,11.0,8.0
54900.0,3.0,12.0,8.0
54900.0,3.0,13.0,8.0
54900.0,4.0,14.0,8.0
54900.0,4.0,15.0,8.0
54900.0,3.0,16.0,8.0
54900.0,3.0,17.0,8.0
54900.0,3.0,18.0,8.0
54900.0,3.0,19.0,8.0
54900.0,4.0,20.0,8.0
55000.0,3.0,1.0,8.0
55000.0,3.0,2.0,8.0
55000.0,1.0,3.0,8.0
55000.0,2.0,4.0,8.0
55000.0,3.0,5.0,8.0
55000.0,3.0,6.0,8.0
55000.0,4.0,7.0,8.0
55000.0,3.0,8.0,8.0
55000.0,4.0,9.0,8.0
55000.0,3.0,10.0,8.0
55000.0,4.0,11.0,8.0
55000.0,6.0,12.0,8.0
55000.0,5.0,13.0,8.0
55000.0,7.0,14.0,8.0
55000.0,6.0,15.0,8.0
55000.0,6.0,16.0,8.0
55000.0,5.0,17.0,8.0
55000.0,8.0,18.0,8.0
55000.0,8.0,19.0,8.0
55000.0,8.0,20.0,8.0
55100.0,2.0,1.0,8.0
55100.0,2.0,2.0,8.0
55100.0,1.0,3.0,8.0
55100.0,1.0,4.0,8.0
55100.0,1.0,5.0,8.0
55100.0,1.0,6.0,8.0
55100.0,1.0,7.0,8.0
55100.0,1.0,8.0,8.0
55100.0,1.0,9.0,8.0
55100.0,1.0,10.0,8.0
55100.0,1.0,11.0,8.0
55100.0,1.0,12.0,8.0
55100.0,2.0,13.0,8.0
55100.0,2.0,14.0,8.0
55100.0,3.0,15.0,8.0
55100.0,2.0,16.0,8.0
55100.0,3.0,17.0,8.0
55100.0,2.0,18.0,8.0
55100.0,2.0,19.0,8.0
55100.0,2.0,20.0,8.0
55200.0,2.0,1.0,8.0
55200.0,2.0,2.0,8.0
55200.0,2.0,3.0,8.0
55200.0,2.0,4.0,8.0
55200.0,2.0,5.0,8.0
55200.0,3.0,6.0,8.0
55200.0,3.0,7.0,8.0
55200.0,3.0,8.0,8.0
55200.0,3.0,9.0,8.0
55200.0,3.0,10.0,8.0
55200.0,2.0,11.0,8.0
55200.0,2.0,12.0,8.0
55200.0,2.0,13.0,8.0
55200.0,2.0,14.0,8.0
55200.0,2.0,15.0,8.0
55200.0,2.0,16.0,8.0
55200.0,2.0,17.0,8.0
55200.0,2.0,18.0,8.0
55200.0,2.0,19.0,8.0
55200.0,2.0,20.0,8.0
55300.0,0.0,1.0,8.0
55300.0,0.0,2.0,8.0
55300.0,0.0,3.0,8.0
55300.0,0.0,4.0,8.0
55300.0,0.0,5.0,8.0
55300.0,0.0,6.0,8.0
55300.0,0.0,7.0,8.0
55300.0,0.0,8.0,8.0
55300.0,1.0,9.0,8.0
55300.0,1.0,10.0,8.0
55300.0,1.0,11.0,8.0
55300.0,2.0,12.0,8.0
55300.0,2.0,13.0,8.0
55300.0,2.0,14.0,8.0
55300.0,2.0,15.0,8.0
55300.0,2.0,16.0,8.0
55300.0,2.0,17.0,8.0
55300.0,3.0,18.0,8.0
55300.0,3.0,19.0,8.0
55300.0,4.0,20.0,8.0
55400.0,5.0,1.0,8.0
55400.0,5.0,2.0,8.0
55400.0,4.0,3.0,8.0
55400.0,4.0,4.0,8.0
55400.0,4.0,5.0,8.0
55400.0,4.0,6.0,8.0
55400.0,4.0,7.0,8.0
55400.0,4.0,8.0,8.0
55400.0,4.0,9.0,8.0
55400.0,4.0,10.0,8.0
55400.0,4.0,11.0,8.0
55400.0,4.0,12.0,8.0
55400.0,4.0,13.0,8.0
55400.0,4.0,14.0,8.0
55400.0,4.0,15.0,8.0
55400.0,4.0,16.0,8.0
55400.0,4.0,17.0,8.0
55400.0,4.0,18.0,8.0
55400.0,4.0,19.0,8.0
55400.0,4.0,20.0,8.0
55500.0,1.0,1.0,8.0
55500.0,1.0,2.0,8.0
55500.0,2.0,3.0,8.0
55500.0,1.0,4.0,8.0
55500.0,1.0,5.0,8.0
55500.0,2.0,6.0,8.0
55500.0,1.0,7.0,8.0
55500.0,2.0,8.0,8.0
55500.0,2.0,9.0,8.0
55500.0,2.0,10.0,8.0
55500.0,2.0,11.0,8.0
55500.0,2.0,12.0,8.0
55500.0,2.0,13.0,8.0
55500.0,2.0,14.0,8.0
55500.0,2.0,15.0,8.0
55500.0,2.0,16.0,8.0
55500.0,2.0,17.0,8.0
55500.0,2.0,18.0,8.0
55500.0,2.0,19.0,8.0
55500.0,2.0,20.0,8.0
55600.0,3.0,1.0,8.0
55600.0,3.0,2.0,8.0
55600.0,2.0,3.0,8.0
55600.0,2.0,4.0,8.0
55600.0,2.0,5.0,8.0
55600.0,2.0,6.0,8.0
55600.0,3.0,7.0,8.0
55600.0,2.0,8.0,8.0
55600.0,2.0,9.0,8.0
55600.0,2.0,10.0,8.0
55600.0,3.0,11.0,8.0
55600.0,3.0,12.0,8.0
55600.0,3.0,13.0,8.0
55600.0,3.0,14.0,8.0
55600.0,3.0,15.0,8.0
55600.0,3.0,16.0,8.0
55600.0,3.0,17.0,8.0
55600.0,2.0,18.0,8.0
55600.0,3.0,19.0,8.0
55600.0,3.0,20.0,8.0
55700.0,2.0,1.0,8.0
55700.0,2.0,2.0,8.0
55700.0,2.0,3.0,8.0
55700.0,2.0,4.0,8.0
55700.0,2.0,5.0,8.0
55700.0,2.0,6.0,8.0
55700.0,2.0,7.0,8.0
55700.0,2.0,8.0,8.0
55700.0,2.0,9.0,8.0
55700.0,1.0,10.0,8.0
55700.0,2.0,11.0,8.0
55700.0,1.0,12.0,8.0
55700.0,1.0,13.0,8.0
55700.0,1.0,14.0,8.0
55700.0,1.0,15.0,8.0
55700.0,1.0,16.0,8.0
55700.0,1.0,17.0,8.0
55700.0,1.0,18.0,8.0
55700.0,1.0,19.0,8.0
55700.0,1.0,20.0,8.0
55800.0,2.0,1.0,8.0
55800.0,2.0,2.0,8.0
55800.0,3.0,3.0,8.0
55800.0,3.0,4.0,8.0
55800.0,3.0,5.0,8.0
55800.0,3.0,6.0,8.0
55800.0,3.0,7.0,8.0
55800.0,3.0,8.0,8.0
55800.0,3.0,9.0,8.0
55800.0,3.0,10.0,8.0
55800.0,3.0,11.0,8.0
55800.0,3.0,12.0,8.0
55800.0,3.0,13.0,8.0
55800.0,3.0,14.0,8.0
55800.0,3.0,15.0,8.0
55800.0,3.0,16.0,8.0
55800.0,3.0,17.0,8.0
55800.0,3.0,18.0,8.0
55800.0,3.0,19.0,8.0
55800.0,3.0,20.0,8.0
55900.0,3.0,1.0,8.0
55900.0,3.0,2.0,8.0
55900.0,2.0,3.0,8.0
55900.0,2.0,4.0,8.0
55900.0,2.0,5.0,8.0
55900.0,3.0,6.0,8.0
55900.0,3.0,7.0,8.0
55900.0,3.0,8.0,8.0
55900.0,3.0,9.0,8.0
55900.0,3.0,10.0,8.0
55900.0,3.0,11.0,8.0
55900.0,3.0,12.0,8.0
55900.0,3.0,13.0,8.0
55900.0,3.0,14.0,8.0
55900.0,4.0,15.0,8.0
55900.0,3.0,16.0,8.0
55900.0,3.0,17.0,8.0
55900.0,3.0,18.0,8.0
55900.0,3.0,19.0,8.0
55900.0,2.0,20.0,8.0
56000.0,2.0,1.0,8.0
56000.0,2.0,2.0,8.0
56000.0,4.0,3.0,8.0
56000.0,2.0,4.0,8.0
56000.0,2.0,5.0,8.0
56000.0,1.0,6.0,8.0
56000.0,2.0,7.0,8.0
56000.0,1.0,8.0,8.0
56000.0,1.0,9.0,8.0
56000.0,1.0,10.0,8.0
56000.0,2.0,11.0,8.0
56000.0,1.0,12.0,8.0
56000.0,1.0,13.0,8.0
56000.0,1.0,14.0,8.0
56000.0,1.0,15.0,8.0
56000.0,1.0,16.0,8.0
56000.0,1.0,17.0,8.0
56000.0,1.0,18.0,8.0
56000.0,1.0,19.0,8.0
56000.0,1.0,20.0,8.0
56100.0,4.0,1.0,8.0
56100.0,4.0,2.0,8.0
56100.0,4.0,3.0,8.0
56100.0,4.0,4.0,8.0
56100.0,4.0,5.0,8.0
56100.0,4.0,6.0,8.0
56100.0,4.0,7.0,8.0
56100.0,4.0,8.0,8.0
56100.0,4.0,9.0,8.0
56100.0,4.0,10.0,8.0
56100.0,4.0,11.0,8.0
56100.0,4.0,12.0,8.0
56100.0,4.0,13.0,8.0
56100.0,4.0,14.0,8.0
56100.0,4.0,15.0,8.0
56100.0,4.0,16.0,8.0
56100.0,4.0,17.0,8.0
56100.0,4.0,18.0,8.0
56100.0,4.0,19.0,8.0
56100.0,4.0,20.0,8.0
56200.0,1.0,1.0,8.0
56200.0,1.0,2.0,8.0
56200.0,0.0,3.0,8.0
56200.0,0.0,4.0,8.0
56200.0,0.0,5.0,8.0
56200.0,0.0,6.0,8.0
56200.0,0.0,7.0,8.0
56200.0,0.0,8.0,8.0
56200.0,0.0,9.0,8.0
56200.0,0.0,10.0,8.0
56200.0,0.0,11.0,8.0
56200.0,0.0,12.0,8.0
56200.0,0.0,13.0,8.0
56200.0,0.0,14.0,8.0
56200.0,0.0,15.0,8.0
56200.0,0.0,16.0,8.0
56200.0,0.0,17.0,8.0
56200.0,0.0,18.0,8.0
56200.0,0.0,19.0,8.0
56200.0,0.0,20.0,8.0
56300.0,5.0,1.0,8.0
56300.0,5.0,2.0,8.0
56300.0,4.0,3.0,8.0
56300.0,3.0,4.0,8.0
56300.0,4.0,5.0,8.0
56300.0,4.0,6.0,8.0
56300.0,4.0,7.0,8.0
56300.0,4.0,8.0,8.0
56300.0,6.0,9.0,8.0
56300.0,3.0,10.0,8.0
56300.0,5.0,11.0,8.0
56300.0,5.0,12.0,8.0
56300.0,5.0,13.0,8.0
56300.0,5.0,14.0,8.0
56300.0,6.0,15.0,8.0
56300.0,6.0,16.0,8.0
56300.0,6.0,17.0,8.0
56300.0,6.0,18.0,8.0
56300.0,6.0,19.0,8.0
56300.0,6.0,20.0,8.0
56400.0,2.0,1.0,8.0
56400.0,2.0,2.0,8.0
56400.0,1.0,3.0,8.0
56400.0,2.0,4.0,8.0
56400.0,1.0,5.0,8.0
56400.0,1.0,6.0,8.0
56400.0,2.0,7.0,8.0
56400.0,2.0,8.0,8.0
56400.0,2.0,9.0,8.0
56400.0,2.0,10.0,8.0
56400.0,2.0,11.0,8.0
56400.0,2.0,12.0,8.0
56400.0,2.0,13.0,8.0
56400.0,2.0,14.0,8.0
56400.0,2.0,15.0,8.0
56400.0,2.0,16.0,8.0
56400.0,2.0,17.0,8.0
56400.0,2.0,18.0,8.0
56400.0,2.0,19.0,8.0
56400.0,2.0,20.0,8.0
56500.0,4.0,1.0,8.0
56500.0,4.0,2.0,8.0
56500.0,4.0,3.0,8.0
56500.0,4.0,4.0,8.0
56500.0,4.0,5.0,8.0
56500.0,4.0,6.0,8.0
56500.0,4.0,7.0,8.0
56500.0,4.0,8.0,8.0
56500.0,4.0,9.0,8.0
56500.0,4.0,10.0,8.0
56500.0,4.0,11.0,8.0
56500.0,4.0,12.0,8.0
56500.0,4.0,13.0,8.0
56500.0,5.0,14.0,8.0
56500.0,5.0,15.0,8.0
56500.0,5.0,16.0,8.0
56500.0,5.0,17.0,8.0
56500.0,5.0,18.0,8.0
56500.0,5.0,19.0,8.0
56500.0,5.0,20.0,8.0
56600.0,1.0,1.0,8.0
56600.0,1.0,2.0,8.0
56600.0,1.0,3.0,8.0
56600.0,1.0,4.0,8.0
56600.0,3.0,5.0,8.0
56600.0,2.0,6.0,8.0
56600.0,2.0,7.0,8.0
56600.0,2.0,8.0,8.0
56600.0,2.0,9.0,8.0
56600.0,3.0,10.0,8.0
56600.0,3.0,11.0,8.0
56600.0,3.0,12.0,8.0
56600.0,3.0,13.0,8.0
56600.0,3.0,14.0,8.0
56600.0,4.0,15.0,8.0
56600.0,5.0,16.0,8.0
56600.0,4.0,17.0,8.0
56600.0,5.0,18.0,8.0
56600.0,5.0,19.0,8.0
56600.0,5.0,20.0,8.0
56700.0,1.0,1.0,8.0
56700.0,1.0,2.0,8.0
56700.0,1.0,3.0,8.0
56700.0,1.0,4.0,8.0
56700.0,1.0,5.0,8.0
56700.0,1.0,6.0,8.0
56700.0,1.0,7.0,8.0
56700.0,1.0,8.0,8.0
56700.0,1.0,9.0,8.0
56700.0,1.0,10.0,8.0
56700.0,1.0,11.0,8.0
56700.0,1.0,12.0,8.0
56700.0,2.0,13.0,8.0
56700.0,1.0,14.0,8.0
56700.0,1.0,15.0,8.0
56700.0,1.0,16.0,8.0
56700.0,2.0,17.0,8.0
56700.0,2.0,18.0,8.0
56700.0,2.0,19.0,8.0
56700.0,2.0,20.0,8.0
56800.0,2.0,1.0,8.0
56800.0,2.0,2.0,8.0
56800.0,1.0,3.0,8.0
56800.0,1.0,4.0,8.0
56800.0,1.0,5.0,8.0
56800.0,1.0,6.0,8.0
56800.0,1.0,7.0,8.0
56800.0,1.0,8.0,8.0
56800.0,1.0,9.0,8.0
56800.0,1.0,10.0,8.0
56800.0,2.0,11.0,8.0
56800.0,2.0,12.0,8.0
56800.0,2.0,13.0,8.0
56800.0,2.0,14.0,8.0
56800.0,2.0,15.0,8.0
56800.0,2.0,16.0,8.0
56800.0,1.0,17.0,8.0
56800.0,1.0,18.0,8.0
56800.0,1.0,19.0,8.0
56800.0,2.0,20.0,8.0
56900.0,1.0,1.0,8.0
56900.0,1.0,2.0,8.0
56900.0,1.0,3.0,8.0
56900.0,0.0,4.0,8.0
56900.0,0.0,5.0,8.0
56900.0,1.0,6.0,8.0
56900.0,1.0,7.0,8.0
56900.0,1.0,8.0,8.0
56900.0,1.0,9.0,8.0
56900.0,1.0,10.0,8.0
56900.0,1.0,11.0,8.0
56900.0,1.0,12.0,8.0
56900.0,1.0,13.0,8.0
56900.0,1.0,14.0,8.0
56900.0,1.0,15.0,8.0
56900.0,1.0,16.0,8.0
56900.0,1.0,17.0,8.0
56900.0,1.0,18.0,8.0
56900.0,1.0,19.0,8.0
56900.0,1.0,20.0,8.0
57000.0,2.0,1.0,8.0
57000.0,2.0,2.0,8.0
57000.0,2.0,3.0,8.0
57000.0,2.0,4.0,8.0
57000.0,2.0,5.0,8.0
57000.0,2.0,6.0,8.0
57000.0,0.0,7.0,8.0
57000.0,0.0,8.0,8.0
57000.0,0.0,9.0,8.0
57000.0,0.0,10.0,8.0
57000.0,0.0,11.0,8.0
57000.0,0.0,12.0,8.0
57000.0,0.0,13.0,8.0
57000.0,0.0,14.0,8.0
57000.0,0.0,15.0,8.0
57000.0,0.0,16.0,8.0
57000.0,0.0,17.0,8.0
57000.0,0.0,18.0,8.0
57000.0,0.0,19.0,8.0
57000.0,0.0,20.0,8.0
57100.0,2.0,1.0,8.0
57100.0,2.0,2.0,8.0
57100.0,3.0,3.0,8.0
57100.0,3.0,4.0,8.0
57100.0,3.0,5.0,8.0
57100.0,3.0,6.0,8.0
57100.0,4.0,7.0,8.0
57100.0,4.0,8.0,8.0
57100.0,4.0,9.0,8.0
57100.0,4.0,10.0,8.0
57100.0,4.0,11.0,8.0
57100.0,4.0,12.0,8.0
57100.0,4.0,13.0,8.0
57100.0,4.0,14.0,8.0
57100.0,5.0,15.0,8.0
57100.0,3.0,16.0,8.0
57100.0,3.0,17.0,8.0
57100.0,3.0,18.0,8.0
57100.0,4.0,19.0,8.0
57100.0,4.0,20.0,8.0
57200.0,0.0,1.0,8.0
57200.0,0.0,2.0,8.0
57200.0,0.0,3.0,8.0
57200.0,0.0,4.0,8.0
57200.0,0.0,5.0,8.0
57200.0,0.0,6.0,8.0
57200.0,0.0,7.0,8.0
57200.0,0.0,8.0,8.0
57200.0,0.0,9.0,8.0
57200.0,0.0,10.0,8.0
57200.0,0.0,11.0,8.0
57200.0,0.0,12.0,8.0
57200.0,0.0,13.0,8.0
57200.0,0.0,14.0,8.0
57200.0,0.0,15.0,8.0
57200.0,0.0,16.0,8.0
57200.0,0.0,17.0,8.0
57200.0,0.0,18.0,8.0
57200.0,0.0,19.0,8.0
57200.0,0.0,20.0,8.0
57300.0,2.0,1.0,8.0
57300.0,2.0,2.0,8.0
57300.0,1.0,3.0,8.0
57300.0,1.0,4.0,8.0
57300.0,1.0,5.0,8.0
57300.0,1.0,6.0,8.0
57300.0,1.0,7.0,8.0
57300.0,1.0,8.0,8.0
57300.0,1.0,9.0,8.0
57300.0,1.0,10.0,8.0
57300.0,1.0,11.0,8.0
57300.0,1.0,12.0,8.0
57300.0,1.0,13.0,8.0
57300.0,1.0,14.0,8.0
57300.0,2.0,15.0,8.0
57300.0,2.0,16.0,8.0
57300.0,2.0,17.0,8.0
57300.0,2.0,18.0,8.0
57300.0,2.0,19.0,8.0
57300.0,2.0,20.0,8.0
57400.0,4.0,1.0,8.0
57400.0,4.0,2.0,8.0
57400.0,1.0,3.0,8.0
57400.0,1.0,4.0,8.0
57400.0,2.0,5.0,8.0
57400.0,2.0,6.0,8.0
57400.0,2.0,7.0,8.0
57400.0,2.0,8.0,8.0
57400.0,2.0,9.0,8.0
57400.0,2.0,10.0,8.0
57400.0,2.0,11.0,8.0
57400.0,2.0,12.0,8.0
57400.0,2.0,13.0,8.0
57400.0,2.0,14.0,8.0
57400.0,2.0,15.0,8.0
57400.0,2.0,16.0,8.0
57400.0,3.0,17.0,8.0
57400.0,3.0,18.0,8.0
57400.0,3.0,19.0,8.0
57400.0,3.0,20.0,8.0
57500.0,1.0,1.0,8.0
57500.0,1.0,2.0,8.0
57500.0,2.0,3.0,8.0
57500.0,1.0,4.0,8.0
57500.0,1.0,5.0,8.0
57500.0,0.0,6.0,8.0
57500.0,0.0,7.0,8.0
57500.0,0.0,8.0,8.0
57500.0,0.0,9.0,8.0
57500.0,0.0,10.0,8.0
57500.0,0.0,11.0,8.0
57500.0,0.0,12.0,8.0
57500.0,0.0,13.0,8.0
57500.0,0.0,14.0,8.0
57500.0,0.0,15.0,8.0
57500.0,0.0,16.0,8.0
57500.0,0.0,17.0,8.0
57500.0,0.0,18.0,8.0
57500.0,0.0,19.0,8.0
57500.0,0.0,20.0,8.0
57600.0,2.0,1.0,8.0
57600.0,2.0,2.0,8.0
57600.0,0.0,3.0,8.0
57600.0,1.0,4.0,8.0
57600.0,0.0,5.0,8.0
57600.0,0.0,6.0,8.0
57600.0,0.0,7.0,8.0
57600.0,1.0,8.0,8.0
57600.0,0.0,9.0,8.0
57600.0,0.0,10.0,8.0
57600.0,0.0,11.0,8.0
57600.0,1.0,12.0,8.0
57600.0,1.0,13.0,8.0
57600.0,1.0,14.0,8.0
57600.0,1.0,15.0,8.0
57600.0,1.0,16.0,8.0
57600.0,1.0,17.0,8.0
57600.0,1.0,18.0,8.0
57600.0,1.0,19.0,8.0
57600.0,1.0,20.0,8.0
57700.0,4.0,1.0,8.0
57700.0,4.0,2.0,8.0
57700.0,5.0,3.0,8.0
57700.0,5.0,4.0,8.0
57700.0,5.0,5.0,8.0
57700.0,5.0,6.0,8.0
57700.0,5.0,7.0,8.0
57700.0,5.0,8.0,8.0
57700.0,5.0,9.0,8.0
57700.0,4.0,10.0,8.0
57700.0,5.0,11.0,8.0
57700.0,4.0,12.0,8.0
57700.0,5.0,13.0,8.0
57700.0,4.0,14.0,8.0
57700.0,4.0,15.0,8.0
57700.0,4.0,16.0,8.0
57700.0,4.0,17.0,8.0
57700.0,4.0,18.0,8.0
57700.0,3.0,19.0,8.0
57700.0,4.0,20.0,8.0
57800.0,2.0,1.0,8.0
57800.0,2.0,2.0,8.0
57800.0,4.0,3.0,8.0
57800.0,3.0,4.0,8.0
57800.0,4.0,5.0,8.0
57800.0,3.0,6.0,8.0
57800.0,3.0,7.0,8.0
57800.0,3.0,8.0,8.0
57800.0,5.0,9.0,8.0
57800.0,5.0,10.0,8.0
57800.0,5.0,11.0,8.0
57800.0,4.0,12.0,8.0
57800.0,5.0,13.0,8.0
57800.0,4.0,14.0,8.0
57800.0,4.0,15.0,8.0
57800.0,4.0,16.0,8.0
57800.0,4.0,17.0,8.0
57800.0,4.0,18.0,8.0
57800.0,4.0,19.0,8.0
57800.0,3.0,20.0,8.0
57900.0,2.0,1.0,8.0
57900.0,2.0,2.0,8.0
57900.0,4.0,3.0,8.0
57900.0,2.0,4.0,8.0
57900.0,2.0,5.0,8.0
57900.0,4.0,6.0,8.0
57900.0,3.0,7.0,8.0
57900.0,3.0,8.0,8.0
57900.0,3.0,9.0,8.0
57900.0,3.0,10.0,8.0
57900.0,4.0,11.0,8.0
57900.0,4.0,12.0,8.0
57900.0,4.0,13.0,8.0
57900.0,4.0,14.0,8.0
57900.0,3.0,15.0,8.0
57900.0,5.0,16.0,8.0
57900.0,4.0,17.0,8.0
57900.0,5.0,18.0,8.0
57900.0,4.0,19.0,8.0
57900.0,3.0,20.0,8.0
58000.0,1.0,1.0,8.0
58000.0,1.0,2.0,8.0
58000.0,1.0,3.0,8.0
58000.0,1.0,4.0,8.0
58000.0,1.0,5.0,8.0
58000.0,1.0,6.0,8.0
58000.0,1.0,7.0,8.0
58000.0,1.0,8.0,8.0
58000.0,1.0,9.0,8.0
58000.0,1.0,10.0,8.0
58000.0,1.0,11.0,8.0
58000.0,1.0,12.0,8.0
58000.0,1.0,13.0,8.0
58000.0,1.0,14.0,8.0
58000.0,1.0,15.0,8.0
58000.0,1.0,16.0,8.0
58000.0,2.0,17.0,8.0
58000.0,1.0,18.0,8.0
58000.0,1.0,19.0,8.0
58000.0,2.0,20.0,8.0
58100.0,0.0,1.0,8.0
58100.0,0.0,2.0,8.0
58100.0,1.0,3.0,8.0
58100.0,1.0,4.0,8.0
58100.0,1.0,5.0,8.0
58100.0,1.0,6.0,8.0
58100.0,1.0,7.0,8.0
58100.0,1.0,8.0,8.0
58100.0,1.0,9.0,8.0
58100.0,1.0,10.0,8.0
58100.0,2.0,11.0,8.0
58100.0,2.0,12.0,8.0
58100.0,2.0,13.0,8.0
58100.0,2.0,14.0,8.0
58100.0,2.0,15.0,8.0
58100.0,2.0,16.0,8.0
58100.0,2.0,17.0,8.0
58100.0,2.0,18.0,8.0
58100.0,2.0,19.0,8.0
58100.0,2.0,20.0,8.0
58200.0,1.0,1.0,8.0
58200.0,1.0,2.0,8.0
58200.0,2.0,3.0,8.0
58200.0,1.0,4.0,8.0
58200.0,2.0,5.0,8.0
58200.0,2.0,6.0,8.0
58200.0,2.0,7.0,8.0
58200.0,2.0,8.0,8.0
58200.0,2.0,9.0,8.0
58200.0,2.0,10.0,8.0
58200.0,2.0,11.0,8.0
58200.0,2.0,12.0,8.0
58200.0,2.0,13.0,8.0
58200.0,2.0,14.0,8.0
58200.0,2.0,15.0,8.0
58200.0,2.0,16.0,8.0
58200.0,2.0,17.0,8.0
58200.0,2.0,18.0,8.0
58200.0,2.0,19.0,8.0
58200.0,2.0,20.0,8.0
58300.0,1.0,1.0,8.0
58300.0,1.0,2.0,8.0
58300.0,1.0,3.0,8.0
58300.0,1.0,4.0,8.0
58300.0,1.0,5.0,8.0
58300.0,1.0,6.0,8.0
58300.0,1.0,7.0,8.0
58300.0,1.0,8.0,8.0
58300.0,1.0,9.0,8.0
58300.0,1.0,10.0,8.0
58300.0,0.0,11.0,8.0
58300.0,0.0,12.0,8.0
58300.0,0.0,13.0,8.0
58300.0,1.0,14.0,8.0
58300.0,1.0,15.0,8.0
58300.0,1.0,16.0,8.0
58300.0,1.0,17.0,8.0
58300.0,1.0,18.0,8.0
58300.0,1.0,19.0,8.0
58300.0,1.0,20.0,8.0
58400.0,1.0,1.0,8.0
58400.0,1.0,2.0,8.0
58400.0,1.0,3.0,8.0
58400.0,0.0,4.0,8.0
58400.0,0.0,5.0,8.0
58400.0,0.0,6.0,8.0
58400.0,0.0,7.0,8.0
58400.0,0.0,8.0,8.0
58400.0,0.0,9.0,8.0
58400.0,0.0,10.0,8.0
58400.0,0.0,11.0,8.0
58400.0,0.0,12.0,8.0
58400.0,0.0,13.0,8.0
58400.0,0.0,14.0,8.0
58400.0,0.0,15.0,8.0
58400.0,0.0,16.0,8.0
58400.0,0.0,17.0,8.0
58400.0,0.0,18.0,8.0
58400.0,0.0,19.0,8.0
58400.0,0.0,20.0,8.0
58500.0,1.0,1.0,8.0
58500.0,1.0,2.0,8.0
58500.0,1.0,3.0,8.0
58500.0,0.0,4.0,8.0
58500.0,0.0,5.0,8.0
58500.0,1.0,6.0,8.0
58500.0,1.0,7.0,8.0
58500.0,1.0,8.0,8.0
58500.0,2.0,9.0,8.0
58500.0,2.0,10.0,8.0
58500.0,1.0,11.0,8.0
58500.0,2.0,12.0,8.0
58500.0,1.0,13.0,8.0
58500.0,1.0,14.0,8.0
58500.0,1.0,15.0,8.0
58500.0,1.0,16.0,8.0
58500.0,1.0,17.0,8.0
58500.0,1.0,18.0,8.0
58500.0,1.0,19.0,8.0
58500.0,1.0,20.0,8.0
58600.0,1.0,1.0,8.0
58600.0,1.0,2.0,8.0
58600.0,1.0,3.0,8.0
58600.0,1.0,4.0,8.0
58600.0,0.0,5.0,8.0
58600.0,0.0,6.0,8.0
58600.0,0.0,7.0,8.0
58600.0,0.0,8.0,8.0
58600.0,0.0,9.0,8.0
58600.0,0.0,10.0,8.0
58600.0,0.0,11.0,8.0
58600.0,0.0,12.0,8.0
58600.0,0.0,13.0,8.0
58600.0,0.0,14.0,8.0
58600.0,0.0,15.0,8.0
58600.0,0.0,16.0,8.0
58600.0,0.0,17.0,8.0
58600.0,0.0,18.0,8.0
58600.0,0.0,19.0,8.0
58600.0,0.0,20.0,8.0
58700.0,1.0,1.0,8.0
58700.0,1.0,2.0,8.0
58700.0,1.0,3.0,8.0
58700.0,1.0,4.0,8.0
58700.0,1.0,5.0,8.0
58700.0,1.0,6.0,8.0
58700.0,1.0,7.0,8.0
58700.0,1.0,8.0,8.0
58700.0,1.0,9.0,8.0
58700.0,1.0,10.0,8.0
58700.0,2.0,11.0,8.0
58700.0,2.0,12.0,8.0
58700.0,2.0,13.0,8.0
58700.0,2.0,14.0,8.0
58700.0,2.0,15.0,8.0
58700.0,2.0,16.0,8.0
58700.0,3.0,17.0,8.0
58700.0,2.0,18.0,8.0
58700.0,2.0,19.0,8.0
58700.0,2.0,20.0,8.0
58800.0,0.0,1.0,8.0
58800.0,0.0,2.0,8.0
58800.0,0.0,3.0,8.0
58800.0,0.0,4.0,8.0
58800.0,0.0,5.0,8.0
58800.0,0.0,6.0,8.0
58800.0,0.0,7.0,8.0
58800.0,0.0,8.0,8.0
58800.0,0.0,9.0,8.0
58800.0,0.0,10.0,8.0
58800.0,0.0,11.0,8.0
58800.0,0.0,12.0,8.0
58800.0,0.0,13.0,8.0
58800.0,0.0,14.0,8.0
58800.0,0.0,15.0,8.0
58800.0,0.0,16.0,8.0
58800.0,0.0,17.0,8.0
58800.0,0.0,18.0,8.0
58800.0,0.0,19.0,8.0
58800.0,0.0,20.0,8.0
58900.0,3.0,1.0,8.0
58900.0,3.0,2.0,8.0
58900.0,2.0,3.0,8.0
58900.0,3.0,4.0,8.0
58900.0,2.0,5.0,8.0
58900.0,2.0,6.0,8.0
58900.0,2.0,7.0,8.0
58900.0,2.0,8.0,8.0
58900.0,3.0,9.0,8.0
58900.0,2.0,10.0,8.0
58900.0,3.0,11.0,8.0
58900.0,4.0,12.0,8.0
58900.0,4.0,13.0,8.0
58900.0,4.0,14.0,8.0
58900.0,4.0,15.0,8.0
58900.0,4.0,16.0,8.0
58900.0,4.0,17.0,8.0
58900.0,4.0,18.0,8.0
58900.0,4.0,19.0,8.0
58900.0,4.0,20.0,8.0
59000.0,0.0,1.0,8.0
59000.0,0.0,2.0,8.0
59000.0,0.0,3.0,8.0
59000.0,0.0,4.0,8.0
59000.0,0.0,5.0,8.0
59000.0,0.0,6.0,8.0
59000.0,0.0,7.0,8.0
59000.0,0.0,8.0,8.0
59000.0,0.0,9.0,8.0
59000.0,0.0,10.0,8.0
59000.0,0.0,11.0,8.0
59000.0,0.0,12.0,8.0
59000.0,0.0,13.0,8.0
59000.0,0.0,14.0,8.0
59000.0,0.0,15.0,8.0
59000.0,0.0,16.0,8.0
59000.0,0.0,17.0,8.0
59000.0,0.0,18.0,8.0
59000.0,0.0,19.0,8.0
59000.0,0.0,20.0,8.0
59100.0,0.0,1.0,8.0
59100.0,0.0,2.0,8.0
59100.0,0.0,3.0,8.0
59100.0,0.0,4.0,8.0
59100.0,0.0,5.0,8.0
59100.0,0.0,6.0,8.0
59100.0,0.0,7.0,8.0
59100.0,0.0,8.0,8.0
59100.0,0.0,9.0,8.0
59100.0,0.0,10.0,8.0
59100.0,0.0,11.0,8.0
59100.0,0.0,12.0,8.0
59100.0,0.0,13.0,8.0
59100.0,0.0,14.0,8.0
59100.0,0.0,15.0,8.0
59100.0,0.0,16.0,8.0
59100.0,0.0,17.0,8.0
59100.0,0.0,18.0,8.0
59100.0,0.0,19.0,8.0
59100.0,0.0,20.0,8.0
59200.0,0.0,1.0,8.0
59200.0,0.0,2.0,8.0
59200.0,0.0,3.0,8.0
59200.0,0.0,4.0,8.0
59200.0,0.0,5.0,8.0
59200.0,0.0,6.0,8.0
59200.0,0.0,7.0,8.0
59200.0,0.0,8.0,8.0
59200.0,0.0,9.0,8.0
59200.0,0.0,10.0,8.0
59200.0,0.0,11.0,8.0
59200.0,0.0,12.0,8.0
59200.0,0.0,13.0,8.0
59200.0,0.0,14.0,8.0
59200.0,0.0,15.0,8.0
59200.0,0.0,16.0,8.0
59200.0,0.0,17.0,8.0
59200.0,0.0,18.0,8.0
59200.0,0.0,19.0,8.0
59200.0,0.0,20.0,8.0
59300.0,1.0,1.0,8.0
59300.0,1.0,2.0,8.0
59300.0,1.0,3.0,8.0
59300.0,1.0,4.0,8.0
59300.0,1.0,5.0,8.0
59300.0,0.0,6.0,8.0
59300.0,0.0,7.0,8.0
59300.0,0.0,8.0,8.0
59300.0,0.0,9.0,8.0
59300.0,0.0,10.0,8.0
59300.0,1.0,11.0,8.0
59300.0,1.0,12.0,8.0
59300.0,1.0,13.0,8.0
59300.0,2.0,14.0,8.0
59300.0,2.0,15.0,8.0
59300.0,2.0,16.0,8.0
59300.0,2.0,17.0,8.0
59300.0,2.0,18.0,8.0
59300.0,2.0,19.0,8.0
59300.0,2.0,20.0,8.0
59400.0,2.0,1.0,8.0
59400.0,2.0,2.0,8.0
59400.0,2.0,3.0,8.0
59400.0,2.0,4.0,8.0
59400.0,3.0,5.0,8.0
59400.0,2.0,6.0,8.0
59400.0,3.0,7.0,8.0
59400.0,3.0,8.0,8.0
59400.0,2.0,9.0,8.0
59400.0,2.0,10.0,8.0
59400.0,2.0,11.0,8.0
59400.0,1.0,12.0,8.0
59400.0,1.0,13.0,8.0
59400.0,3.0,14.0,8.0
59400.0,3.0,15.0,8.0
59400.0,3.0,16.0,8.0
59400.0,3.0,17.0,8.0
59400.0,2.0,18.0,8.0
59400.0,2.0,19.0,8.0
59400.0,3.0,20.0,8.0
59500.0,3.0,1.0,8.0
59500.0,3.0,2.0,8.0
59500.0,1.0,3.0,8.0
59500.0,1.0,4.0,8.0
59500.0,1.0,5.0,8.0
59500.0,2.0,6.0,8.0
59500.0,1.0,7.0,8.0
59500.0,1.0,8.0,8.0
59500.0,1.0,9.0,8.0
59500.0,1.0,10.0,8.0
59500.0,1.0,11.0,8.0
59500.0,1.0,12.0,8.0
59500.0,1.0,13.0,8.0
59500.0,1.0,14.0,8.0
59500.0,1.0,15.0,8.0
59500.0,1.0,16.0,8.0
59500.0,1.0,17.0,8.0
59500.0,1.0,18.0,8.0
59500.0,1.0,19.0,8.0
59500.0,1.0,20.0,8.0
59600.0,0.0,1.0,8.0
59600.0,0.0,2.0,8.0
59600.0,0.0,3.0,8.0
59600.0,0.0,4.0,8.0
59600.0,0.0,5.0,8.0
59600.0,0.0,6.0,8.0
59600.0,0.0,7.0,8.0
59600.0,0.0,8.0,8.0
59600.0,0.0,9.0,8.0
59600.0,0.0,10.0,8.0
59600.0,0.0,11.0,8.0
59600.0,0.0,12.0,8.0
59600.0,0.0,13.0,8.0
59600.0,0.0,14.0,8.0
59600.0,0.0,15.0,8.0
59600.0,0.0,16.0,8.0
59600.0,0.0,17.0,8.0
59600.0,0.0,18.0,8.0
59600.0,0.0,19.0,8.0
59600.0,0.0,20.0,8.0
59700.0,1.0,1.0,8.0
59700.0,1.0,2.0,8.0
59700.0,1.0,3.0,8.0
59700.0,2.0,4.0,8.0
59700.0,3.0,5.0,8.0
59700.0,2.0,6.0,8.0
59700.0,1.0,7.0,8.0
59700.0,2.0,8.0,8.0
59700.0,3.0,9.0,8.0
59700.0,3.0,10.0,8.0
59700.0,3.0,11.0,8.0
59700.0,3.0,12.0,8.0
59700.0,3.0,13.0,8.0
59700.0,2.0,14.0,8.0
59700.0,2.0,15.0,8.0
59700.0,1.0,16.0,8.0
59700.0,1.0,17.0,8.0
59700.0,1.0,18.0,8.0
59700.0,1.0,19.0,8.0
59700.0,1.0,20.0,8.0
59800.0,6.0,1.0,8.0
59800.0,6.0,2.0,8.0
59800.0,6.0,3.0,8.0
59800.0,7.0,4.0,8.0
59800.0,7.0,5.0,8.0
59800.0,7.0,6.0,8.0
59800.0,7.0,7.0,8.0
59800.0,7.0,8.0,8.0
59800.0,8.0,9.0,8.0
59800.0,8.0,10.0,8.0
59800.0,7.0,11.0,8.0
59800.0,8.0,12.0,8.0
59800.0,8.0,13.0,8.0
59800.0,8.0,14.0,8.0
59800.0,8.0,15.0,8.0
59800.0,8.0,16.0,8.0
59800.0,8.0,17.0,8.0
59800.0,8.0,18.0,8.0
59800.0,8.0,19.0,8.0
59800.0,8.0,20.0,8.0
59900.0,0.0,1.0,8.0
59900.0,0.0,2.0,8.0
59900.0,0.0,3.0,8.0
59900.0,0.0,4.0,8.0
59900.0,0.0,5.0,8.0
59900.0,0.0,6.0,8.0
59900.0,0.0,7.0,8.0
59900.0,0.0,8.0,8.0
59900.0,0.0,9.0,8.0
59900.0,0.0,10.0,8.0
59900.0,0.0,11.0,8.0
59900.0,0.0,12.0,8.0
59900.0,0.0,13.0,8.0
59900.0,0.0,14.0,8.0
59900.0,0.0,15.0,8.0
59900.0,0.0,16.0,8.0
59900.0,0.0,17.0,8.0
59900.0,0.0,18.0,8.0
59900.0,0.0,19.0,8.0
59900.0,0.0,20.0,8.0
60000.0,2.0,1.0,8.0
60000.0,2.0,2.0,8.0
60000.0,2.0,3.0,8.0
60000.0,2.0,4.0,8.0
60000.0,1.0,5.0,8.0
60000.0,1.0,6.0,8.0
60000.0,1.0,7.0,8.0
60000.0,1.0,8.0,8.0
60000.0,1.0,9.0,8.0
60000.0,1.0,10.0,8.0
60000.0,1.0,11.0,8.0
60000.0,1.0,12.0,8.0
60000.0,1.0,13.0,8.0
60000.0,2.0,14.0,8.0
60000.0,1.0,15.0,8.0
60000.0,1.0,16.0,8.0
60000.0,1.0,17.0,8.0
60000.0,1.0,18.0,8.0
60000.0,1.0,19.0,8.0
60000.0,1.0,20.0,8.0