20100.0,7.0,1.0,8.0
20100.0,7.0,2.0,8.0
20100.0,2.0,3.0,8.0
20100.0,3.0,4.0,8.0
20100.0,3.0,5.0,8.0
20100.0,3.0,6.0,8.0
20100.0,3.0,7.0,8.0
20100.0,3.0,8.0,8.0
20100.0,2.0,9.0,8.0
20100.0,2.0,10.0,8.0
20100.0,3.0,11.0,8.0
20100.0,4.0,12.0,8.0
20100.0,4.0,13.0,8.0
20100.0,5.0,14.0,8.0
20100.0,5.0,15.0,8.0
20100.0,4.0,16.0,8.0
20100.0,3.0,17.0,8.0
20100.0,3.0,18.0,8.0
20100.0,3.0,19.0,8.0
20100.0,3.0,20.0,8.0
20200.0,2.0,1.0,8.0
20200.0,2.0,2.0,8.0
20200.0,4.0,3.0,8.0
20200.0,4.0,4.0,8.0
20200.0,4.0,5.0,8.0
20200.0,4.0,6.0,8.0
20200.0,4.0,7.0,8.0
20200.0,4.0,8.0,8.0
20200.0,4.0,9.0,8.0
20200.0,4.0,10.0,8.0
20200.0,4.0,11.0,8.0
20200.0,4.0,12.0,8.0
20200.0,5.0,13.0,8.0
20200.0,4.0,14.0,8.0
20200.0,5.0,15.0,8.0
20200.0,5.0,16.0,8.0
20200.0,5.0,17.0,8.0
20200.0,5.0,18.0,8.0
20200.0,5.0,19.0,8.0
20200.0,5.0,20.0,8.0
20300.0,2.0,1.0,8.0
20300.0,2.0,2.0,8.0
20300.0,2.0,3.0,8.0
20300.0,2.0,4.0,8.0
20300.0,2.0,5.0,8.0
20300.0,2.0,6.0,8.0
20300.0,4.0,7.0,8.0
20300.0,4.0,8.0,8.0
20300.0,4.0,9.0,8.0
20300.0,4.0,10.0,8.0
20300.0,5.0,11.0,8.0
20300.0,4.0,12.0,8.0
20300.0,4.0,13.0,8.0
20300.0,4.0,14.0,8.0
20300.0,4.0,15.0,8.0
20300.0,4.0,16.0,8.0
20300.0,4.0,17.0,8.0
20300.0,4.0,18.0,8.0
20300.0,4.0,19.0,8.0
20300.0,4.0,20.0,8.0
20400.0,2.0,1.0,8.0
20400.0,2.0,2.0,8.0
20400.0,2.0,3.0,8.0
20400.0,1.0,4.0,8.0
20400.0,1.0,5.0,8.0
20400.0,1.0,6.0,8.0
20400.0,1.0,7.0,8.0
20400.0,1.0,8.0,8.0
20400.0,1.0,9.0,8.0
20400.0,1.0,10.0,8.0
20400.0,1.0,11.0,8.0
20400.0,1.0,12.0,8.0
20400.0,1.0,13.0,8.0
20400.0,1.0,14.0,8.0
20400.0,1.0,15.0,8.0
20400.0,1.0,16.0,8.0
20400.0,1.0,17.0,8.0
20400.0,1.0,18.0,8.0
20400.0,1.0,19.0,8.0
20400.0,1.0,20.0,8.0
20500.0,0.0,1.0,8.0
20500.0,0.0,2.0,8.0
20500.0,0.0,3.0,8.0
20500.0,0.0,4.0,8.0
20500.0,0.0,5.0,8.0
20500.0,0.0,6.0,8.0
20500.0,0.0,7.0,8.0
20500.0,1.0,8.0,8.0
20500.0,1.0,9.0,8.0
20500.0,1.0,10.0,8.0
20500.0,1.0,11.0,8.0
20500.0,1.0,12.0,8.0
20500.0,1.0,13.0,8.0
20500.0,1.0,14.0,8.0
20500.0,1.0,15.0,8.0
20500.0,1.0,16.0,8.0
20500.0,1.0,17.0,8.0
20500.0,1.0,18.0,8.0
20500.0,1.0,19.0,8.0
20500.0,1.0,20.0,8.0
20600.0,3.0,1.0,8.0
20600.0,3.0,2.0,8.0
20600.0,4.0,3.0,8.0
20600.0,4.0,4.0,8.0
20600.0,4.0,5.0,8.0
20600.0,4.0,6.0,8.0
20600.0,4.0,7.0,8.0
20600.0,4.0,8.0,8.0
20600.0,4.0,9.0,8.0
20600.0,4.0,10.0,8.0
20600.0,4.0,11.0,8.0
20600.0,4.0,12.0,8.0
20600.0,4.0,13.0,8.0
20600.0,4.0,14.0,8.0
20600.0,4.0,15.0,8.0
20600.0,4.0,16.0,8.0
20600.0,4.0,17.0,8.0
20600.0,4.0,18.0,8.0
20600.0,4.0,19.0,8.0
20600.0,4.0,20.0,8.0
20700.0,2.0,1.0,8.0
20700.0,2.0,2.0,8.0
20700.0,2.0,3.0,8.0
20700.0,2.0,4.0,8.0
20700.0,2.0,5.0,8.0
20700.0,2.0,6.0,8.0
20700.0,2.0,7.0,8.0
20700.0,3.0,8.0,8.0
20700.0,3.0,9.0,8.0
20700.0,2.0,10.0,8.0
20700.0,2.0,11.0,8.0
20700.0,2.0,12.0,8.0
20700.0,3.0,13.0,8.0
20700.0,2.0,14.0,8.0
20700.0,3.0,15.0,8.0
20700.0,3.0,16.0,8.0
20700.0,3.0,17.0,8.0
20700.0,3.0,18.0,8.0
20700.0,3.0,19.0,8.0
20700.0,2.0,20.0,8.0
20800.0,6.0,1.0,8.0
20800.0,6.0,2.0,8.0
20800.0,7.0,3.0,8.0
20800.0,6.0,4.0,8.0
20800.0,7.0,5.0,8.0
20800.0,6.0,6.0,8.0
20800.0,6.0,7.0,8.0
20800.0,6.0,8.0,8.0
20800.0,6.0,9.0,8.0
20800.0,7.0,10.0,8.0
20800.0,7.0,11.0,8.0
20800.0,7.0,12.0,8.0
20800.0,7.0,13.0,8.0
20800.0,7.0,14.0,8.0
20800.0,7.0,15.0,8.0
20800.0,7.0,16.0,8.0
20800.0,7.0,17.0,8.0
20800.0,7.0,18.0,8.0
20800.0,7.0,19.0,8.0
20800.0,7.0,20.0,8.0
20900.0,1.0,1.0,8.0
20900.0,1.0,2.0,8.0
20900.0,0.0,3.0,8.0
20900.0,0.0,4.0,8.0
20900.0,0.0,5.0,8.0
20900.0,0.0,6.0,8.0
20900.0,0.0,7.0,8.0
20900.0,0.0,8.0,8.0
20900.0,0.0,9.0,8.0
20900.0,0.0,10.0,8.0
20900.0,0.0,11.0,8.0
20900.0,0.0,12.0,8.0
20900.0,1.0,13.0,8.0
20900.0,0.0,14.0,8.0
20900.0,2.0,15.0,8.0
20900.0,0.0,16.0,8.0
20900.0,2.0,17.0,8.0
20900.0,2.0,18.0,8.0
20900.0,2.0,19.0,8.0
20900.0,1.0,20.0,8.0
21000.0,1.0,1.0,8.0
21000.0,1.0,2.0,8.0
21000.0,1.0,3.0,8.0
21000.0,2.0,4.0,8.0
21000.0,2.0,5.0,8.0
21000.0,2.0,6.0,8.0
21000.0,1.0,7.0,8.0
21000.0,2.0,8.0,8.0
21000.0,1.0,9.0,8.0
21000.0,1.0,10.0,8.0
21000.0,1.0,11.0,8.0
21000.0,1.0,12.0,8.0
21000.0,1.0,13.0,8.0
21000.0,1.0,14.0,8.0
21000.0,1.0,15.0,8.0
21000.0,1.0,16.0,8.0
21000.0,0.0,17.0,8.0
21000.0,0.0,18.0,8.0
21000.0,0.0,19.0,8.0
21000.0,1.0,20.0,8.0
21100.0,1.0,1.0,8.0
21100.0,1.0,2.0,8.0
21100.0,1.0,3.0,8.0
21100.0,2.0,4.0,8.0
21100.0,2.0,5.0,8.0
21100.0,1.0,6.0,8.0
21100.0,2.0,7.0,8.0
21100.0,1.0,8.0,8.0
21100.0,1.0,9.0,8.0
21100.0,1.0,10.0,8.0
21100.0,1.0,11.0,8.0
21100.0,1.0,12.0,8.0
21100.0,2.0,13.0,8.0
21100.0,2.0,14.0,8.0
21100.0,2.0,15.0,8.0
21100.0,3.0,16.0,8.0
21100.0,3.0,17.0,8.0
21100.0,3.0,18.0,8.0
21100.0,4.0,19.0,8.0
21100.0,4.0,20.0,8.0
21200.0,3.0,1.0,8.0
21200.0,3.0,2.0,8.0
21200.0,2.0,3.0,8.0
21200.0,2.0,4.0,8.0
21200.0,2.0,5.0,8.0
21200.0,2.0,6.0,8.0
21200.0,1.0,7.0,8.0
21200.0,2.0,8.0,8.0
21200.0,1.0,9.0,8.0
21200.0,2.0,10.0,8.0
21200.0,2.0,11.0,8.0
21200.0,2.0,12.0,8.0
21200.0,2.0,13.0,8.0
21200.0,2.0,14.0,8.0
21200.0,2.0,15.0,8.0
21200.0,2.0,16.0,8.0
21200.0,2.0,17.0,8.0
21200.0,2.0,18.0,8.0
21200.0,2.0,19.0,8.0
21200.0,2.0,20.0,8.0
21300.0,0.0,1.0,8.0
21300.0,0.0,2.0,8.0
21300.0,0.0,3.0,8.0
21300.0,0.0,4.0,8.0
21300.0,0.0,5.0,8.0
21300.0,0.0,6.0,8.0
21300.0,0.0,7.0,8.0
21300.0,0.0,8.0,8.0
21300.0,0.0,9.0,8.0
21300.0,0.0,10.0,8.0
21300.0,0.0,11.0,8.0
21300.0,0.0,12.0,8.0
21300.0,0.0,13.0,8.0
21300.0,0.0,14.0,8.0
21300.0,0.0,15.0,8.0
21300.0,0.0,16.0,8.0
21300.0,0.0,17.0,8.0
21300.0,0.0,18.0,8.0
21300.0,0.0,19.0,8.0
21300.0,0.0,20.0,8.0
21400.0,2.0,1.0,8.0
21400.0,2.0,2.0,8.0
21400.0,3.0,3.0,8.0
21400.0,4.0,4.0,8.0
21400.0,3.0,5.0,8.0
21400.0,4.0,6.0,8.0
21400.0,2.0,7.0,8.0
21400.0,3.0,8.0,8.0
21400.0,2.0,9.0,8.0
21400.0,3.0,10.0,8.0
21400.0,3.0,11.0,8.0
21400.0,3.0,12.0,8.0
21400.0,3.0,13.0,8.0
21400.0,3.0,14.0,8.0
21400.0,3.0,15.0,8.0
21400.0,3.0,16.0,8.0
21400.0,4.0,17.0,8.0
21400.0,3.0,18.0,8.0
21400.0,3.0,19.0,8.0
21400.0,4.0,20.0,8.0
21500.0,1.0,1.0,8.0
21500.0,1.0,2.0,8.0
21500.0,1.0,3.0,8.0
21500.0,1.0,4.0,8.0
21500.0,1.0,5.0,8.0
21500.0,1.0,6.0,8.0
21500.0,1.0,7.0,8.0
21500.0,1.0,8.0,8.0
21500.0,1.0,9.0,8.0
21500.0,1.0,10.0,8.0
21500.0,1.0,11.0,8.0
21500.0,1.0,12.0,8.0
21500.0,1.0,13.0,8.0
21500.0,1.0,14.0,8.0
21500.0,1.0,15.0,8.0
21500.0,1.0,16.0,8.0
21500.0,1.0,17.0,8.0
21500.0,1.0,18.0,8.0
21500.0,1.0,19.0,8.0
21500.0,1.0,20.0,8.0
21600.0,3.0,1.0,8.0
21600.0,3.0,2.0,8.0
21600.0,2.0,3.0,8.0
21600.0,2.0,4.0,8.0
21600.0,2.0,5.0,8.0
21600.0,2.0,6.0,8.0
21600.0,2.0,7.0,8.0
21600.0,2.0,8.0,8.0
21600.0,2.0,9.0,8.0
21600.0,2.0,10.0,8.0
21600.0,2.0,11.0,8.0
21600.0,2.0,12.0,8.0
21600.0,2.0,13.0,8.0
21600.0,2.0,14.0,8.0
21600.0,2.0,15.0,8.0
21600.0,2.0,16.0,8.0
21600.0,2.0,17.0,8.0
21600.0,2.0,18.0,8.0
21600.0,2.0,19.0,8.0
21600.0,2.0,20.0,8.0
21700.0,3.0,1.0,8.0
21700.0,3.0,2.0,8.0
21700.0,3.0,3.0,8.0
21700.0,3.0,4.0,8.0
21700.0,3.0,5.0,8.0
21700.0,3.0,6.0,8.0
21700.0,3.0,7.0,8.0
21700.0,3.0,8.0,8.0
21700.0,4.0,9.0,8.0
21700.0,4.0,10.0,8.0
21700.0,4.0,11.0,8.0
21700.0,4.0,12.0,8.0
21700.0,4.0,13.0,8.0
21700.0,4.0,14.0,8.0
21700.0,4.0,15.0,8.0
21700.0,4.0,16.0,8.0
21700.0,4.0,17.0,8.0
21700.0,4.0,18.0,8.0
21700.0,4.0,19.0,8.0
21700.0,4.0,20.0,8.0
21800.0,0.0,1.0,8.0
21800.0,0.0,2.0,8.0
21800.0,1.0,3.0,8.0
21800.0,1.0,4.0,8.0
21800.0,1.0,5.0,8.0
21800.0,1.0,6.0,8.0
21800.0,2.0,7.0,8.0
21800.0,2.0,8.0,8.0
21800.0,1.0,9.0,8.0
21800.0,1.0,10.0,8.0
21800.0,1.0,11.0,8.0
21800.0,0.0,12.0,8.0
21800.0,0.0,13.0,8.0
21800.0,0.0,14.0,8.0
21800.0,0.0,15.0,8.0
21800.0,0.0,16.0,8.0
21800.0,0.0,17.0,8.0
21800.0,0.0,18.0,8.0
21800.0,0.0,19.0,8.0
21800.0,0.0,20.0,8.0
21900.0,0.0,1.0,8.0
21900.0,0.0,2.0,8.0
21900.0,0.0,3.0,8.0
21900.0,0.0,4.0,8.0
21900.0,0.0,5.0,8.0
21900.0,0.0,6.0,8.0
21900.0,0.0,7.0,8.0
21900.0,0.0,8.0,8.0
21900.0,0.0,9.0,8.0
21900.0,0.0,10.0,8.0
21900.0,0.0,11.0,8.0
21900.0,0.0,12.0,8.0
21900.0,0.0,13.0,8.0
21900.0,0.0,14.0,8.0
21900.0,0.0,15.0,8.0
21900.0,0.0,16.0,8.0
21900.0,0.0,17.0,8.0
21900.0,0.0,18.0,8.0
21900.0,0.0,19.0,8.0
21900.0,0.0,20.0,8.0
22000.0,6.0,1.0,8.0
22000.0,6.0,2.0,8.0
22000.0,4.0,3.0,8.0
22000.0,4.0,4.0,8.0
22000.0,3.0,5.0,8.0
22000.0,2.0,6.0,8.0
22000.0,3.0,7.0,8.0
22000.0,2.0,8.0,8.0
22000.0,2.0,9.0,8.0
22000.0,2.0,10.0,8.0
22000.0,2.0,11.0,8.0
22000.0,3.0,12.0,8.0
22000.0,3.0,13.0,8.0
22000.0,2.0,14.0,8.0
22000.0,3.0,15.0,8.0
22000.0,3.0,16.0,8.0
22000.0,3.0,17.0,8.0
22000.0,3.0,18.0,8.0
22000.0,3.0,19.0,8.0
22000.0,3.0,20.0,8.0
22100.0,0.0,1.0,8.0
22100.0,0.0,2.0,8.0
22100.0,0.0,3.0,8.0
22100.0,0.0,4.0,8.0
22100.0,0.0,5.0,8.0
22100.0,0.0,6.0,8.0
22100.0,0.0,7.0,8.0
22100.0,0.0,8.0,8.0
22100.0,0.0,9.0,8.0
22100.0,0.0,10.0,8.0
22100.0,0.0,11.0,8.0
22100.0,0.0,12.0,8.0
22100.0,0.0,13.0,8.0
22100.0,0.0,14.0,8.0
22100.0,0.0,15.0,8.0
22100.0,0.0,16.0,8.0
22100.0,0.0,17.0,8.0
22100.0,0.0,18.0,8.0
22100.0,0.0,19.0,8.0
22100.0,0.0,20.0,8.0
22200.0,5.0,1.0,8.0
22200.0,5.0,2.0,8.0
22200.0,4.0,3.0,8.0
22200.0,4.0,4.0,8.0
22200.0,6.0,5.0,8.0
22200.0,6.0,6.0,8.0
22200.0,7.0,7.0,8.0
22200.0,7.0,8.0,8.0
22200.0,5.0,9.0,8.0
22200.0,6.0,10.0,8.0
22200.0,6.0,11.0,8.0
22200.0,6.0,12.0,8.0
22200.0,6.0,13.0,8.0
22200.0,7.0,14.0,8.0
22200.0,7.0,15.0,8.0
22200.0,7.0,16.0,8.0
22200.0,7.0,17.0,8.0
22200.0,7.0,18.0,8.0
22200.0,8.0,19.0,8.0
22200.0,7.0,20.0,8.0
22300.0,3.0,1.0,8.0
22300.0,3.0,2.0,8.0
22300.0,6.0,3.0,8.0
22300.0,4.0,4.0,8.0
22300.0,4.0,5.0,8.0
22300.0,3.0,6.0,8.0
22300.0,4.0,7.0,8.0
22300.0,4.0,8.0,8.0
22300.0,4.0,9.0,8.0
22300.0,3.0,10.0,8.0
22300.0,4.0,11.0,8.0
22300.0,3.0,12.0,8.0
22300.0,3.0,13.0,8.0
22300.0,4.0,14.0,8.0
22300.0,4.0,15.0,8.0
22300.0,4.0,16.0,8.0
22300.0,4.0,17.0,8.0
22300.0,4.0,18.0,8.0
22300.0,4.0,19.0,8.0
22300.0,4.0,20.0,8.0
22400.0,1.0,1.0,8.0
22400.0,1.0,2.0,8.0
22400.0,1.0,3.0,8.0
22400.0,1.0,4.0,8.0
22400.0,1.0,5.0,8.0
22400.0,1.0,6.0,8.0
22400.0,1.0,7.0,8.0
22400.0,1.0,8.0,8.0
22400.0,1.0,9.0,8.0
22400.0,1.0,10.0,8.0
22400.0,1.0,11.0,8.0
22400.0,1.0,12.0,8.0
22400.0,1.0,13.0,8.0
22400.0,1.0,14.0,8.0
22400.0,1.0,15.0,8.0
22400.0,1.0,16.0,8.0
22400.0,1.0,17.0,8.0
22400.0,1.0,18.0,8.0
22400.0,1.0,19.0,8.0
22400.0,1.0,20.0,8.0
22500.0,2.0,1.0,8.0
22500.0,2.0,2.0,8.0
22500.0,3.0,3.0,8.0
22500.0,3.0,4.0,8.0
22500.0,2.0,5.0,8.0
22500.0,3.0,6.0,8.0
22500.0,2.0,7.0,8.0
22500.0,3.0,8.0,8.0
22500.0,4.0,9.0,8.0
22500.0,4.0,10.0,8.0
22500.0,4.0,11.0,8.0
22500.0,4.0,12.0,8.0
22500.0,5.0,13.0,8.0
22500.0,5.0,14.0,8.0
22500.0,5.0,15.0,8.0
22500.0,5.0,16.0,8.0
22500.0,6.0,17.0,8.0
22500.0,5.0,18.0,8.0
22500.0,5.0,19.0,8.0
22500.0,5.0,20.0,8.0
22600.0,2.0,1.0,8.0
22600.0,2.0,2.0,8.0
22600.0,3.0,3.0,8.0
22600.0,3.0,4.0,8.0
22600.0,3.0,5.0,8.0
22600.0,3.0,6.0,8.0
22600.0,3.0,7.0,8.0
22600.0,3.0,8.0,8.0
22600.0,3.0,9.0,8.0
22600.0,3.0,10.0,8.0
22600.0,2.0,11.0,8.0
22600.0,2.0,12.0,8.0
22600.0,2.0,13.0,8.0
22600.0,2.0,14.0,8.0
22600.0,3.0,15.0,8.0
22600.0,2.0,16.0,8.0
22600.0,4.0,17.0,8.0
22600.0,3.0,18.0,8.0
22600.0,4.0,19.0,8.0
22600.0,4.0,20.0,8.0
22700.0,3.0,1.0,8.0
22700.0,3.0,2.0,8.0
22700.0,2.0,3.0,8.0
22700.0,1.0,4.0,8.0
22700.0,2.0,5.0,8.0
22700.0,2.0,6.0,8.0
22700.0,4.0,7.0,8.0
22700.0,3.0,8.0,8.0
22700.0,3.0,9.0,8.0
22700.0,3.0,10.0,8.0
22700.0,3.0,11.0,8.0
22700.0,4.0,12.0,8.0
22700.0,4.0,13.0,8.0
22700.0,4.0,14.0,8.0
22700.0,4.0,15.0,8.0
22700.0,3.0,16.0,8.0
22700.0,4.0,17.0,8.0
22700.0,5.0,18.0,8.0
22700.0,5.0,19.0,8.0
22700.0,7.0,20.0,8.0
22800.0,2.0,1.0,8.0
22800.0,2.0,2.0,8.0
22800.0,1.0,3.0,8.0
22800.0,1.0,4.0,8.0
22800.0,1.0,5.0,8.0
22800.0,1.0,6.0,8.0
22800.0,1.0,7.0,8.0
22800.0,1.0,8.0,8.0
22800.0,2.0,9.0,8.0
22800.0,2.0,10.0,8.0
22800.0,2.0,11.0,8.0
22800.0,2.0,12.0,8.0
22800.0,2.0,13.0,8.0
22800.0,2.0,14.0,8.0
22800.0,2.0,15.0,8.0
22800.0,2.0,16.0,8.0
22800.0,2.0,17.0,8.0
22800.0,2.0,18.0,8.0
22800.0,2.0,19.0,8.0
22800.0,2.0,20.0,8.0
22900.0,1.0,1.0,8.0
22900.0,1.0,2.0,8.0
22900.0,1.0,3.0,8.0
22900.0,1.0,4.0,8.0
22900.0,1.0,5.0,8.0
22900.0,1.0,6.0,8.0
22900.0,1.0,7.0,8.0
22900.0,1.0,8.0,8.0
22900.0,1.0,9.0,8.0
22900.0,1.0,10.0,8.0
22900.0,2.0,11.0,8.0
22900.0,1.0,12.0,8.0
22900.0,2.0,13.0,8.0
22900.0,2.0,14.0,8.0
22900.0,2.0,15.0,8.0
22900.0,1.0,16.0,8.0
22900.0,2.0,17.0,8.0
22900.0,2.0,18.0,8.0
22900.0,3.0,19.0,8.0
22900.0,2.0,20.0,8.0
23000.0,0.0,1.0,8.0
23000.0,0.0,2.0,8.0
23000.0,0.0,3.0,8.0
23000.0,0.0,4.0,8.0
23000.0,0.0,5.0,8.0
23000.0,0.0,6.0,8.0
23000.0,0.0,7.0,8.0
23000.0,0.0,8.0,8.0
23000.0,0.0,9.0,8.0
23000.0,0.0,10.0,8.0
23000.0,1.0,11.0,8.0
23000.0,0.0,12.0,8.0
23000.0,0.0,13.0,8.0
23000.0,0.0,14.0,8.0
23000.0,0.0,15.0,8.0
23000.0,0.0,16.0,8.0
23000.0,0.0,17.0,8.0
23000.0,1.0,18.0,8.0
23000.0,2.0,19.0,8.0
23000.0,2.0,20.0,8.0
23100.0,1.0,1.0,8.0
23100.0,1.0,2.0,8.0
23100.0,2.0,3.0,8.0
23100.0,2.0,4.0,8.0
23100.0,2.0,5.0,8.0
23100.0,2.0,6.0,8.0
23100.0,2.0,7.0,8.0
23100.0,2.0,8.0,8.0
23100.0,2.0,9.0,8.0
23100.0,2.0,10.0,8.0
23100.0,2.0,11.0,8.0
23100.0,2.0,12.0,8.0
23100.0,2.0,13.0,8.0
23100.0,2.0,14.0,8.0
23100.0,2.0,15.0,8.0
23100.0,2.0,16.0,8.0
23100.0,2.0,17.0,8.0
23100.0,2.0,18.0,8.0
23100.0,2.0,19.0,8.0
23100.0,2.0,20.0,8.0
23200.0,1.0,1.0,8.0
23200.0,1.0,2.0,8.0
23200.0,1.0,3.0,8.0
23200.0,1.0,4.0,8.0
23200.0,1.0,5.0,8.0
23200.0,1.0,6.0,8.0
23200.0,1.0,7.0,8.0
23200.0,1.0,8.0,8.0
23200.0,1.0,9.0,8.0
23200.0,1.0,10.0,8.0
23200.0,1.0,11.0,8.0
23200.0,1.0,12.0,8.0
23200.0,1.0,13.0,8.0
23200.0,1.0,14.0,8.0
23200.0,1.0,15.0,8.0
23200.0,2.0,16.0,8.0
23200.0,2.0,17.0,8.0
23200.0,2.0,18.0,8.0
23200.0,2.0,19.0,8.0
23200.0,2.0,20.0,8.0
23300.0,1.0,1.0,8.0
23300.0,1.0,2.0,8.0
23300.0,1.0,3.0,8.0
23300.0,1.0,4.0,8.0
23300.0,1.0,5.0,8.0
23300.0,1.0,6.0,8.0
23300.0,1.0,7.0,8.0
23300.0,1.0,8.0,8.0
23300.0,1.0,9.0,8.0
23300.0,1.0,10.0,8.0
23300.0,1.0,11.0,8.0
23300.0,1.0,12.0,8.0
23300.0,1.0,13.0,8.0
23300.0,1.0,14.0,8.0
23300.0,1.0,15.0,8.0
23300.0,1.0,16.0,8.0
23300.0,1.0,17.0,8.0
23300.0,1.0,18.0,8.0
23300.0,1.0,19.0,8.0
23300.0,1.0,20.0,8.0
23400.0,2.0,1.0,8.0
23400.0,2.0,2.0,8.0
23400.0,2.0,3.0,8.0
23400.0,2.0,4.0,8.0
23400.0,2.0,5.0,8.0
23400.0,2.0,6.0,8.0
23400.0,3.0,7.0,8.0
23400.0,4.0,8.0,8.0
23400.0,4.0,9.0,8.0
23400.0,3.0,10.0,8.0
23400.0,2.0,11.0,8.0
23400.0,2.0,12.0,8.0
23400.0,2.0,13.0,8.0
23400.0,2.0,14.0,8.0
23400.0,2.0,15.0,8.0
23400.0,2.0,16.0,8.0
23400.0,2.0,17.0,8.0
23400.0,2.0,18.0,8.0
23400.0,2.0,19.0,8.0
23400.0,2.0,20.0,8.0
23500.0,0.0,1.0,8.0
23500.0,0.0,2.0,8.0
23500.0,2.0,3.0,8.0
23500.0,1.0,4.0,8.0
23500.0,2.0,5.0,8.0
23500.0,1.0,6.0,8.0
23500.0,1.0,7.0,8.0
23500.0,1.0,8.0,8.0
23500.0,2.0,9.0,8.0
23500.0,2.0,10.0,8.0
23500.0,1.0,11.0,8.0
23500.0,0.0,12.0,8.0
23500.0,2.0,13.0,8.0
23500.0,1.0,14.0,8.0
23500.0,1.0,15.0,8.0
23500.0,1.0,16.0,8.0
23500.0,1.0,17.0,8.0
23500.0,2.0,18.0,8.0
23500.0,2.0,19.0,8.0
23500.0,2.0,20.0,8.0
23600.0,2.0,1.0,8.0
23600.0,2.0,2.0,8.0
23600.0,3.0,3.0,8.0
23600.0,2.0,4.0,8.0
23600.0,2.0,5.0,8.0
23600.0,2.0,6.0,8.0
23600.0,2.0,7.0,8.0
23600.0,2.0,8.0,8.0
23600.0,2.0,9.0,8.0
23600.0,2.0,10.0,8.0
23600.0,1.0,11.0,8.0
23600.0,1.0,12.0,8.0
23600.0,1.0,13.0,8.0
23600.0,1.0,14.0,8.0
23600.0,1.0,15.0,8.0
23600.0,1.0,16.0,8.0
23600.0,1.0,17.0,8.0
23600.0,1.0,18.0,8.0
23600.0,1.0,19.0,8.0
23600.0,1.0,20.0,8.0
23700.0,0.0,1.0,8.0
23700.0,0.0,2.0,8.0
23700.0,1.0,3.0,8.0
23700.0,0.0,4.0,8.0
23700.0,1.0,5.0,8.0
23700.0,0.0,6.0,8.0
23700.0,1.0,7.0,8.0
23700.0,1.0,8.0,8.0
23700.0,1.0,9.0,8.0
23700.0,1.0,10.0,8.0
23700.0,1.0,11.0,8.0
23700.0,1.0,12.0,8.0
23700.0,2.0,13.0,8.0
23700.0,2.0,14.0,8.0
23700.0,4.0,15.0,8.0
23700.0,3.0,16.0,8.0
23700.0,3.0,17.0,8.0
23700.0,3.0,18.0,8.0
23700.0,4.0,19.0,8.0
23700.0,3.0,20.0,8.0
23800.0,4.0,1.0,8.0
23800.0,4.0,2.0,8.0
23800.0,2.0,3.0,8.0
23800.0,3.0,4.0,8.0
23800.0,2.0,5.0,8.0
23800.0,2.0,6.0,8.0
23800.0,2.0,7.0,8.0
23800.0,2.0,8.0,8.0
23800.0,2.0,9.0,8.0
23800.0,2.0,10.0,8.0
23800.0,2.0,11.0,8.0
23800.0,2.0,12.0,8.0
23800.0,2.0,13.0,8.0
23800.0,2.0,14.0,8.0
23800.0,2.0,15.0,8.0
23800.0,2.0,16.0,8.0
23800.0,2.0,17.0,8.0
23800.0,2.0,18.0,8.0
23800.0,2.0,19.0,8.0
23800.0,3.0,20.0,8.0
23900.0,2.0,1.0,8.0
23900.0,2.0,2.0,8.0
23900.0,1.0,3.0,8.0
23900.0,1.0,4.0,8.0
23900.0,1.0,5.0,8.0
23900.0,1.0,6.0,8.0
23900.0,0.0,7.0,8.0
23900.0,0.0,8.0,8.0
23900.0,0.0,9.0,8.0
23900.0,0.0,10.0,8.0
23900.0,0.0,11.0,8.0
23900.0,1.0,12.0,8.0
23900.0,1.0,13.0,8.0
23900.0,1.0,14.0,8.0
23900.0,1.0,15.0,8.0
23900.0,1.0,16.0,8.0
23900.0,2.0,17.0,8.0
23900.0,2.0,18.0,8.0
23900.0,2.0,19.0,8.0
23900.0,2.0,20.0,8.0
24000.0,4.0,1.0,8.0
24000.0,4.0,2.0,8.0
24000.0,3.0,3.0,8.0
24000.0,3.0,4.0,8.0
24000.0,4.0,5.0,8.0
24000.0,4.0,6.0,8.0
24000.0,4.0,7.0,8.0
24000.0,4.0,8.0,8.0
24000.0,4.0,9.0,8.0
24000.0,4.0,10.0,8.0
24000.0,4.0,11.0,8.0
24000.0,4.0,12.0,8.0
24000.0,4.0,13.0,8.0
24000.0,4.0,14.0,8.0
24000.0,4.0,15.0,8.0
24000.0,4.0,16.0,8.0
24000.0,4.0,17.0,8.0
24000.0,4.0,18.0,8.0
24000.0,4.0,19.0,8.0
24000.0,4.0,20.0,8.0
24100.0,2.0,1.0,8.0
24100.0,2.0,2.0,8.0
24100.0,1.0,3.0,8.0
24100.0,2.0,4.0,8.0
24100.0,2.0,5.0,8.0
24100.0,2.0,6.0,8.0
24100.0,1.0,7.0,8.0
24100.0,1.0,8.0,8.0
24100.0,1.0,9.0,8.0
24100.0,1.0,10.0,8.0
24100.0,1.0,11.0,8.0
24100.0,1.0,12.0,8.0
24100.0,1.0,13.0,8.0
24100.0,0.0,14.0,8.0
24100.0,0.0,15.0,8.0
24100.0,0.0,16.0,8.0
24100.0,0.0,17.0,8.0
24100.0,1.0,18.0,8.0
24100.0,1.0,19.0,8.0
24100.0,1.0,20.0,8.0
24200.0,1.0,1.0,8.0
24200.0,1.0,2.0,8.0
24200.0,1.0,3.0,8.0
24200.0,1.0,4.0,8.0
24200.0,1.0,5.0,8.0
24200.0,1.0,6.0,8.0
24200.0,1.0,7.0,8.0
24200.0,1.0,8.0,8.0
24200.0,1.0,9.0,8.0
24200.0,1.0,10.0,8.0
24200.0,1.0,11.0,8.0
24200.0,1.0,12.0,8.0
24200.0,1.0,13.0,8.0
24200.0,1.0,14.0,8.0
24200.0,1.0,15.0,8.0
24200.0,2.0,16.0,8.0
24200.0,1.0,17.0,8.0
24200.0,1.0,18.0,8.0
24200.0,1.0,19.0,8.0
24200.0,1.0,20.0,8.0
24300.0,4.0,1.0,8.0
24300.0,4.0,2.0,8.0
24300.0,5.0,3.0,8.0
24300.0,5.0,4.0,8.0
24300.0,3.0,5.0,8.0
24300.0,3.0,6.0,8.0
24300.0,4.0,7.0,8.0
24300.0,4.0,8.0,8.0
24300.0,4.0,9.0,8.0
24300.0,5.0,10.0,8.0
24300.0,4.0,11.0,8.0
24300.0,5.0,12.0,8.0
24300.0,6.0,13.0,8.0
24300.0,4.0,14.0,8.0
24300.0,4.0,15.0,8.0
24300.0,4.0,16.0,8.0
24300.0,4.0,17.0,8.0
24300.0,4.0,18.0,8.0
24300.0,4.0,19.0,8.0
24300.0,6.0,20.0,8.0
24400.0,1.0,1.0,8.0
24400.0,1.0,2.0,8.0
24400.0,2.0,3.0,8.0
24400.0,1.0,4.0,8.0
24400.0,1.0,5.0,8.0
24400.0,2.0,6.0,8.0
24400.0,1.0,7.0,8.0
24400.0,1.0,8.0,8.0
24400.0,1.0,9.0,8.0
24400.0,1.0,10.0,8.0
24400.0,2.0,11.0,8.0
24400.0,2.0,12.0,8.0
24400.0,2.0,13.0,8.0
24400.0,1.0,14.0,8.0
24400.0,1.0,15.0,8.0
24400.0,1.0,16.0,8.0
24400.0,1.0,17.0,8.0
24400.0,1.0,18.0,8.0
24400.0,1.0,19.0,8.0
24400.0,1.0,20.0,8.0
24500.0,1.0,1.0,8.0
24500.0,1.0,2.0,8.0
24500.0,2.0,3.0,8.0
24500.0,1.0,4.0,8.0
24500.0,1.0,5.0,8.0
24500.0,0.0,6.0,8.0
24500.0,1.0,7.0,8.0
24500.0,1.0,8.0,8.0
24500.0,1.0,9.0,8.0
24500.0,1.0,10.0,8.0
24500.0,1.0,11.0,8.0
24500.0,1.0,12.0,8.0
24500.0,1.0,13.0,8.0
24500.0,1.0,14.0,8.0
24500.0,1.0,15.0,8.0
24500.0,1.0,16.0,8.0
24500.0,1.0,17.0,8.0
24500.0,1.0,18.0,8.0
24500.0,1.0,19.0,8.0
24500.0,1.0,20.0,8.0
24600.0,0.0,1.0,8.0
24600.0,0.0,2.0,8.0
24600.0,0.0,3.0,8.0
24600.0,1.0,4.0,8.0
24600.0,1.0,5.0,8.0
24600.0,1.0,6.0,8.0
24600.0,1.0,7.0,8.0
24600.0,1.0,8.0,8.0
24600.0,1.0,9.0,8.0
24600.0,1.0,10.0,8.0
24600.0,1.0,11.0,8.0
24600.0,1.0,12.0,8.0
24600.0,1.0,13.0,8.0
24600.0,1.0,14.0,8.0
24600.0,2.0,15.0,8.0
24600.0,2.0,16.0,8.0
24600.0,2.0,17.0,8.0
24600.0,2.0,18.0,8.0
24600.0,2.0,19.0,8.0
24600.0,2.0,20.0,8.0
24700.0,2.0,1.0,8.0
24700.0,2.0,2.0,8.0
24700.0,2.0,3.0,8.0
24700.0,2.0,4.0,8.0
24700.0,2.0,5.0,8.0
24700.0,1.0,6.0,8.0
24700.0,2.0,7.0,8.0
24700.0,1.0,8.0,8.0
24700.0,1.0,9.0,8.0
24700.0,1.0,10.0,8.0
24700.0,1.0,11.0,8.0
24700.0,1.0,12.0,8.0
24700.0,1.0,13.0,8.0
24700.0,1.0,14.0,8.0
24700.0,2.0,15.0,8.0
24700.0,2.0,16.0,8.0
24700.0,2.0,17.0,8.0
24700.0,1.0,18.0,8.0
24700.0,1.0,19.0,8.0
24700.0,1.0,20.0,8.0
24800.0,4.0,1.0,8.0
24800.0,4.0,2.0,8.0
24800.0,3.0,3.0,8.0
24800.0,3.0,4.0,8.0
24800.0,3.0,5.0,8.0
24800.0,3.0,6.0,8.0
24800.0,3.0,7.0,8.0
24800.0,3.0,8.0,8.0
24800.0,2.0,9.0,8.0
24800.0,2.0,10.0,8.0
24800.0,2.0,11.0,8.0
24800.0,2.0,12.0,8.0
24800.0,3.0,13.0,8.0
24800.0,3.0,14.0,8.0
24800.0,4.0,15.0,8.0
24800.0,4.0,16.0,8.0
24800.0,4.0,17.0,8.0
24800.0,4.0,18.0,8.0
24800.0,4.0,19.0,8.0
24800.0,4.0,20.0,8.0
24900.0,2.0,1.0,8.0
24900.0,2.0,2.0,8.0
24900.0,1.0,3.0,8.0
24900.0,2.0,4.0,8.0
24900.0,2.0,5.0,8.0
24900.0,2.0,6.0,8.0
24900.0,1.0,7.0,8.0
24900.0,1.0,8.0,8.0
24900.0,1.0,9.0,8.0
24900.0,3.0,10.0,8.0
24900.0,2.0,11.0,8.0
24900.0,3.0,12.0,8.0
24900.0,1.0,13.0,8.0
24900.0,3.0,14.0,8.0
24900.0,2.0,15.0,8.0
24900.0,3.0,16.0,8.0
24900.0,3.0,17.0,8.0
24900.0,3.0,18.0,8.0
24900.0,2.0,19.0,8.0
24900.0,3.0,20.0,8.0
25000.0,2.0,1.0,8.0
25000.0,2.0,2.0,8.0
25000.0,2.0,3.0,8.0
25000.0,2.0,4.0,8.0
25000.0,3.0,5.0,8.0
25000.0,3.0,6.0,8.0
25000.0,3.0,7.0,8.0
25000.0,2.0,8.0,8.0
25000.0,3.0,9.0,8.0
25000.0,3.0,10.0,8.0
25000.0,3.0,11.0,8.0
25000.0,3.0,12.0,8.0
25000.0,3.0,13.0,8.0
25000.0,3.0,14.0,8.0
25000.0,3.0,15.0,8.0
25000.0,3.0,16.0,8.0
25000.0,3.0,17.0,8.0
25000.0,3.0,18.0,8.0
25000.0,3.0,19.0,8.0
25000.0,3.0,20.0,8.0
25100.0,1.0,1.0,8.0
25100.0,1.0,2.0,8.0
25100.0,0.0,3.0,8.0
25100.0,0.0,4.0,8.0
25100.0,1.0,5.0,8.0
25100.0,1.0,6.0,8.0
25100.0,1.0,7.0,8.0
25100.0,1.0,8.0,8.0
25100.0,2.0,9.0,8.0
25100.0,1.0,10.0,8.0
25100.0,2.0,11.0,8.0
25100.0,3.0,12.0,8.0
25100.0,3.0,13.0,8.0
25100.0,3.0,14.0,8.0
25100.0,3.0,15.0,8.0
25100.0,3.0,16.0,8.0
25100.0,2.0,17.0,8.0
25100.0,2.0,18.0,8.0
25100.0,3.0,19.0,8.0
25100.0,2.0,20.0,8.0
25200.0,1.0,1.0,8.0
25200.0,1.0,2.0,8.0
25200.0,1.0,3.0,8.0
25200.0,1.0,4.0,8.0
25200.0,1.0,5.0,8.0
25200.0,1.0,6.0,8.0
25200.0,1.0,7.0,8.0
25200.0,1.0,8.0,8.0
25200.0,2.0,9.0,8.0
25200.0,1.0,10.0,8.0
25200.0,1.0,11.0,8.0
25200.0,1.0,12.0,8.0
25200.0,1.0,13.0,8.0
25200.0,1.0,14.0,8.0
25200.0,2.0,15.0,8.0
25200.0,2.0,16.0,8.0
25200.0,2.0,17.0,8.0
25200.0,2.0,18.0,8.0
25200.0,2.0,19.0,8.0
25200.0,2.0,20.0,8.0
25300.0,2.0,1.0,8.0
25300.0,2.0,2.0,8.0
25300.0,3.0,3.0,8.0
25300.0,4.0,4.0,8.0
25300.0,3.0,5.0,8.0
25300.0,3.0,6.0,8.0
25300.0,3.0,7.0,8.0
25300.0,3.0,8.0,8.0
25300.0,3.0,9.0,8.0
25300.0,3.0,10.0,8.0
25300.0,3.0,11.0,8.0
25300.0,3.0,12.0,8.0
25300.0,3.0,13.0,8.0
25300.0,3.0,14.0,8.0
25300.0,3.0,15.0,8.0
25300.0,3.0,16.0,8.0
25300.0,3.0,17.0,8.0
25300.0,3.0,18.0,8.0
25300.0,3.0,19.0,8.0
25300.0,3.0,20.0,8.0
25400.0,0.0,1.0,8.0
25400.0,0.0,2.0,8.0
25400.0,0.0,3.0,8.0
25400.0,0.0,4.0,8.0
25400.0,0.0,5.0,8.0
25400.0,0.0,6.0,8.0
25400.0,0.0,7.0,8.0
25400.0,0.0,8.0,8.0
25400.0,0.0,9.0,8.0
25400.0,0.0,10.0,8.0
25400.0,0.0,11.0,8.0
25400.0,0.0,12.0,8.0
25400.0,1.0,13.0,8.0
25400.0,1.0,14.0,8.0
25400.0,1.0,15.0,8.0
25400.0,1.0,16.0,8.0
25400.0,1.0,17.0,8.0
25400.0,1.0,18.0,8.0
25400.0,1.0,19.0,8.0
25400.0,1.0,20.0,8.0
25500.0,1.0,1.0,8.0
25500.0,1.0,2.0,8.0
25500.0,1.0,3.0,8.0
25500.0,1.0,4.0,8.0
25500.0,2.0,5.0,8.0
25500.0,2.0,6.0,8.0
25500.0,2.0,7.0,8.0
25500.0,2.0,8.0,8.0
25500.0,2.0,9.0,8.0
25500.0,2.0,10.0,8.0
25500.0,2.0,11.0,8.0
25500.0,2.0,12.0,8.0
25500.0,3.0,13.0,8.0
25500.0,3.0,14.0,8.0
25500.0,3.0,15.0,8.0
25500.0,3.0,16.0,8.0
25500.0,3.0,17.0,8.0
25500.0,3.0,18.0,8.0
25500.0,2.0,19.0,8.0
25500.0,2.0,20.0,8.0
25600.0,3.0,1.0,8.0
25600.0,3.0,2.0,8.0
25600.0,3.0,3.0,8.0
25600.0,3.0,4.0,8.0
25600.0,3.0,5.0,8.0
25600.0,3.0,6.0,8.0
25600.0,3.0,7.0,8.0
25600.0,3.0,8.0,8.0
25600.0,3.0,9.0,8.0
25600.0,3.0,10.0,8.0
25600.0,3.0,11.0,8.0
25600.0,3.0,12.0,8.0
25600.0,3.0,13.0,8.0
25600.0,3.0,14.0,8.0
25600.0,3.0,15.0,8.0
25600.0,3.0,16.0,8.0
25600.0,3.0,17.0,8.0
25600.0,3.0,18.0,8.0
25600.0,3.0,19.0,8.0
25600.0,3.0,20.0,8.0
25700.0,2.0,1.0,8.0
25700.0,2.0,2.0,8.0
25700.0,2.0,3.0,8.0
25700.0,2.0,4.0,8.0
25700.0,3.0,5.0,8.0
25700.0,1.0,6.0,8.0
25700.0,1.0,7.0,8.0
25700.0,1.0,8.0,8.0
25700.0,1.0,9.0,8.0
25700.0,1.0,10.0,8.0
25700.0,1.0,11.0,8.0
25700.0,1.0,12.0,8.0
25700.0,1.0,13.0,8.0
25700.0,1.0,14.0,8.0
25700.0,1.0,15.0,8.0
25700.0,1.0,16.0,8.0
25700.0,1.0,17.0,8.0
25700.0,1.0,18.0,8.0
25700.0,1.0,19.0,8.0
25700.0,1.0,20.0,8.0
25800.0,2.0,1.0,8.0
25800.0,2.0,2.0,8.0
25800.0,4.0,3.0,8.0
25800.0,2.0,4.0,8.0
25800.0,3.0,5.0,8.0
25800.0,3.0,6.0,8.0
25800.0,5.0,7.0,8.0
25800.0,5.0,8.0,8.0
25800.0,5.0,9.0,8.0
25800.0,5.0,10.0,8.0
25800.0,5.0,11.0,8.0
25800.0,5.0,12.0,8.0
25800.0,5.0,13.0,8.0
25800.0,5.0,14.0,8.0
25800.0,5.0,15.0,8.0
25800.0,5.0,16.0,8.0
25800.0,5.0,17.0,8.0
25800.0,5.0,18.0,8.0
25800.0,5.0,19.0,8.0
25800.0,5.0,20.0,8.0
25900.0,2.0,1.0,8.0
25900.0,2.0,2.0,8.0
25900.0,3.0,3.0,8.0
25900.0,4.0,4.0,8.0
25900.0,3.0,5.0,8.0
25900.0,5.0,6.0,8.0
25900.0,4.0,7.0,8.0
25900.0,4.0,8.0,8.0
25900.0,2.0,9.0,8.0
25900.0,3.0,10.0,8.0
25900.0,3.0,11.0,8.0
25900.0,4.0,12.0,8.0
25900.0,4.0,13.0,8.0
25900.0,4.0,14.0,8.0
25900.0,5.0,15.0,8.0
25900.0,5.0,16.0,8.0
25900.0,4.0,17.0,8.0
25900.0,4.0,18.0,8.0
25900.0,2.0,19.0,8.0
25900.0,3.0,20.0,8.0
26000.0,3.0,1.0,8.0
26000.0,3.0,2.0,8.0
26000.0,2.0,3.0,8.0
26000.0,3.0,4.0,8.0
26000.0,3.0,5.0,8.0
26000.0,4.0,6.0,8.0
26000.0,3.0,7.0,8.0
26000.0,3.0,8.0,8.0
26000.0,4.0,9.0,8.0
26000.0,3.0,10.0,8.0
26000.0,3.0,11.0,8.0
26000.0,4.0,12.0,8.0
26000.0,4.0,13.0,8.0
26000.0,4.0,14.0,8.0
26000.0,4.0,15.0,8.0
26000.0,4.0,16.0,8.0
26000.0,4.0,17.0,8.0
26000.0,5.0,18.0,8.0
26000.0,5.0,19.0,8.0
26000.0,4.0,20.0,8.0
26100.0,6.0,1.0,8.0
26100.0,6.0,2.0,8.0
26100.0,5.0,3.0,8.0
26100.0,4.0,4.0,8.0
26100.0,6.0,5.0,8.0
26100.0,5.0,6.0,8.0
26100.0,5.0,7.0,8.0
26100.0,5.0,8.0,8.0
26100.0,5.0,9.0,8.0
26100.0,5.0,10.0,8.0
26100.0,5.0,11.0,8.0
26100.0,5.0,12.0,8.0
26100.0,5.0,13.0,8.0
26100.0,5.0,14.0,8.0
26100.0,5.0,15.0,8.0
26100.0,5.0,16.0,8.0
26100.0,6.0,17.0,8.0
26100.0,5.0,18.0,8.0
26100.0,6.0,19.0,8.0
26100.0,5.0,20.0,8.0
26200.0,2.0,1.0,8.0
26200.0,2.0,2.0,8.0
26200.0,2.0,3.0,8.0
26200.0,1.0,4.0,8.0
26200.0,1.0,5.0,8.0
26200.0,1.0,6.0,8.0
26200.0,1.0,7.0,8.0
26200.0,2.0,8.0,8.0
26200.0,3.0,9.0,8.0
26200.0,2.0,10.0,8.0
26200.0,3.0,11.0,8.0
26200.0,2.0,12.0,8.0
26200.0,1.0,13.0,8.0
26200.0,2.0,14.0,8.0
26200.0,2.0,15.0,8.0
26200.0,2.0,16.0,8.0
26200.0,3.0,17.0,8.0
26200.0,3.0,18.0,8.0
26200.0,3.0,19.0,8.0
26200.0,3.0,20.0,8.0
26300.0,4.0,1.0,8.0
26300.0,4.0,2.0,8.0
26300.0,2.0,3.0,8.0
26300.0,2.0,4.0,8.0
26300.0,1.0,5.0,8.0
26300.0,2.0,6.0,8.0
26300.0,0.0,7.0,8.0
26300.0,1.0,8.0,8.0
26300.0,0.0,9.0,8.0
26300.0,0.0,10.0,8.0
26300.0,0.0,11.0,8.0
26300.0,0.0,12.0,8.0
26300.0,0.0,13.0,8.0
26300.0,0.0,14.0,8.0
26300.0,1.0,15.0,8.0
26300.0,1.0,16.0,8.0
26300.0,1.0,17.0,8.0
26300.0,1.0,18.0,8.0
26300.0,1.0,19.0,8.0
26300.0,1.0,20.0,8.0
26400.0,5.0,1.0,8.0
26400.0,5.0,2.0,8.0
26400.0,4.0,3.0,8.0
26400.0,4.0,4.0,8.0
26400.0,4.0,5.0,8.0
26400.0,4.0,6.0,8.0
26400.0,3.0,7.0,8.0
26400.0,4.0,8.0,8.0
26400.0,4.0,9.0,8.0
26400.0,4.0,10.0,8.0
26400.0,4.0,11.0,8.0
26400.0,4.0,12.0,8.0
26400.0,4.0,13.0,8.0
26400.0,4.0,14.0,8.0
26400.0,4.0,15.0,8.0
26400.0,4.0,16.0,8.0
26400.0,4.0,17.0,8.0
26400.0,4.0,18.0,8.0
26400.0,4.0,19.0,8.0
26400.0,5.0,20.0,8.0
26500.0,3.0,1.0,8.0
26500.0,3.0,2.0,8.0
26500.0,3.0,3.0,8.0
26500.0,3.0,4.0,8.0
26500.0,5.0,5.0,8.0
26500.0,3.0,6.0,8.0
26500.0,3.0,7.0,8.0
26500.0,2.0,8.0,8.0
26500.0,3.0,9.0,8.0
26500.0,3.0,10.0,8.0
26500.0,3.0,11.0,8.0
26500.0,4.0,12.0,8.0
26500.0,4.0,13.0,8.0
26500.0,4.0,14.0,8.0
26500.0,4.0,15.0,8.0
26500.0,4.0,16.0,8.0
26500.0,4.0,17.0,8.0
26500.0,3.0,18.0,8.0
26500.0,3.0,19.0,8.0
26500.0,3.0,20.0,8.0
26600.0,4.0,1.0,8.0
26600.0,4.0,2.0,8.0
26600.0,4.0,3.0,8.0
26600.0,4.0,4.0,8.0
26600.0,3.0,5.0,8.0
26600.0,3.0,6.0,8.0
26600.0,4.0,7.0,8.0
26600.0,4.0,8.0,8.0
26600.0,3.0,9.0,8.0
26600.0,5.0,10.0,8.0
26600.0,4.0,11.0,8.0
26600.0,4.0,12.0,8.0
26600.0,4.0,13.0,8.0
26600.0,4.0,14.0,8.0
26600.0,4.0,15.0,8.0
26600.0,6.0,16.0,8.0
26600.0,6.0,17.0,8.0
26600.0,6.0,18.0,8.0
26600.0,5.0,19.0,8.0
26600.0,5.0,20.0,8.0
26700.0,2.0,1.0,8.0
26700.0,2.0,2.0,8.0
26700.0,3.0,3.0,8.0
26700.0,3.0,4.0,8.0
26700.0,5.0,5.0,8.0
26700.0,3.0,6.0,8.0
26700.0,4.0,7.0,8.0
26700.0,3.0,8.0,8.0
26700.0,4.0,9.0,8.0
26700.0,4.0,10.0,8.0
26700.0,5.0,11.0,8.0
26700.0,5.0,12.0,8.0
26700.0,5.0,13.0,8.0
26700.0,5.0,14.0,8.0
26700.0,5.0,15.0,8.0
26700.0,6.0,16.0,8.0
26700.0,6.0,17.0,8.0
26700.0,6.0,18.0,8.0
26700.0,6.0,19.0,8.0
26700.0,5.0,20.0,8.0
26800.0,6.0,1.0,8.0
26800.0,6.0,2.0,8.0
26800.0,6.0,3.0,8.0
26800.0,4.0,4.0,8.0
26800.0,6.0,5.0,8.0
26800.0,6.0,6.0,8.0
26800.0,6.0,7.0,8.0
26800.0,6.0,8.0,8.0
26800.0,6.0,9.0,8.0
26800.0,6.0,10.0,8.0
26800.0,6.0,11.0,8.0
26800.0,6.0,12.0,8.0
26800.0,6.0,13.0,8.0
26800.0,6.0,14.0,8.0
26800.0,6.0,15.0,8.0
26800.0,6.0,16.0,8.0
26800.0,7.0,17.0,8.0
26800.0,7.0,18.0,8.0
26800.0,7.0,19.0,8.0
26800.0,7.0,20.0,8.0
26900.0,2.0,1.0,8.0
26900.0,2.0,2.0,8.0
26900.0,2.0,3.0,8.0
26900.0,1.0,4.0,8.0
26900.0,1.0,5.0,8.0
26900.0,2.0,6.0,8.0
26900.0,1.0,7.0,8.0
26900.0,2.0,8.0,8.0
26900.0,2.0,9.0,8.0
26900.0,2.0,10.0,8.0
26900.0,2.0,11.0,8.0
26900.0,2.0,12.0,8.0
26900.0,2.0,13.0,8.0
26900.0,2.0,14.0,8.0
26900.0,2.0,15.0,8.0
26900.0,2.0,16.0,8.0
26900.0,2.0,17.0,8.0
26900.0,3.0,18.0,8.0
26900.0,2.0,19.0,8.0
26900.0,2.0,20.0,8.0
27000.0,0.0,1.0,8.0
27000.0,0.0,2.0,8.0
27000.0,0.0,3.0,8.0
27000.0,0.0,4.0,8.0
27000.0,0.0,5.0,8.0
27000.0,0.0,6.0,8.0
27000.0,0.0,7.0,8.0
27000.0,0.0,8.0,8.0
27000.0,0.0,9.0,8.0
27000.0,0.0,10.0,8.0
27000.0,1.0,11.0,8.0
27000.0,1.0,12.0,8.0
27000.0,1.0,13.0,8.0
27000.0,1.0,14.0,8.0
27000.0,1.0,15.0,8.0
27000.0,1.0,16.0,8.0
27000.0,1.0,17.0,8.0
27000.0,1.0,18.0,8.0
27000.0,1.0,19.0,8.0
27000.0,1.0,20.0,8.0
27100.0,2.0,1.0,8.0
27100.0,2.0,2.0,8.0
27100.0,1.0,3.0,8.0
27100.0,0.0,4.0,8.0
27100.0,0.0,5.0,8.0
27100.0,0.0,6.0,8.0
27100.0,0.0,7.0,8.0
27100.0,0.0,8.0,8.0
27100.0,0.0,9.0,8.0
27100.0,0.0,10.0,8.0
27100.0,0.0,11.0,8.0
27100.0,1.0,12.0,8.0
27100.0,1.0,13.0,8.0
27100.0,1.0,14.0,8.0
27100.0,1.0,15.0,8.0
27100.0,1.0,16.0,8.0
27100.0,0.0,17.0,8.0
27100.0,0.0,18.0,8.0
27100.0,0.0,19.0,8.0
27100.0,0.0,20.0,8.0
27200.0,3.0,1.0,8.0
27200.0,3.0,2.0,8.0
27200.0,3.0,3.0,8.0
27200.0,5.0,4.0,8.0
27200.0,6.0,5.0,8.0
27200.0,5.0,6.0,8.0
27200.0,5.0,7.0,8.0
27200.0,6.0,8.0,8.0
27200.0,5.0,9.0,8.0
27200.0,5.0,10.0,8.0
27200.0,5.0,11.0,8.0
27200.0,5.0,12.0,8.0
27200.0,5.0,13.0,8.0
27200.0,5.0,14.0,8.0
27200.0,5.0,15.0,8.0
27200.0,5.0,16.0,8.0
27200.0,5.0,17.0,8.0
27200.0,5.0,18.0,8.0
27200.0,6.0,19.0,8.0
27200.0,6.0,20.0,8.0
27300.0,3.0,1.0,8.0
27300.0,3.0,2.0,8.0
27300.0,5.0,3.0,8.0
27300.0,4.0,4.0,8.0
27300.0,2.0,5.0,8.0
27300.0,2.0,6.0,8.0
27300.0,3.0,7.0,8.0
27300.0,4.0,8.0,8.0
27300.0,4.0,9.0,8.0
27300.0,5.0,10.0,8.0
27300.0,4.0,11.0,8.0
27300.0,5.0,12.0,8.0
27300.0,5.0,13.0,8.0
27300.0,6.0,14.0,8.0
27300.0,5.0,15.0,8.0
27300.0,6.0,16.0,8.0
27300.0,7.0,17.0,8.0
27300.0,7.0,18.0,8.0
27300.0,6.0,19.0,8.0
27300.0,6.0,20.0,8.0
27400.0,2.0,1.0,8.0
27400.0,2.0,2.0,8.0
27400.0,1.0,3.0,8.0
27400.0,1.0,4.0,8.0
27400.0,1.0,5.0,8.0
27400.0,1.0,6.0,8.0
27400.0,1.0,7.0,8.0
27400.0,1.0,8.0,8.0
27400.0,1.0,9.0,8.0
27400.0,2.0,10.0,8.0
27400.0,2.0,11.0,8.0
27400.0,2.0,12.0,8.0
27400.0,2.0,13.0,8.0
27400.0,2.0,14.0,8.0
27400.0,2.0,15.0,8.0
27400.0,2.0,16.0,8.0
27400.0,2.0,17.0,8.0
27400.0,2.0,18.0,8.0
27400.0,2.0,19.0,8.0
27400.0,2.0,20.0,8.0
27500.0,3.0,1.0,8.0
27500.0,3.0,2.0,8.0
27500.0,3.0,3.0,8.0
27500.0,2.0,4.0,8.0
27500.0,2.0,5.0,8.0
27500.0,3.0,6.0,8.0
27500.0,2.0,7.0,8.0
27500.0,2.0,8.0,8.0
27500.0,2.0,9.0,8.0
27500.0,2.0,10.0,8.0
27500.0,3.0,11.0,8.0
27500.0,2.0,12.0,8.0
27500.0,3.0,13.0,8.0
27500.0,3.0,14.0,8.0
27500.0,3.0,15.0,8.0
27500.0,3.0,16.0,8.0
27500.0,3.0,17.0,8.0
27500.0,3.0,18.0,8.0
27500.0,3.0,19.0,8.0
27500.0,3.0,20.0,8.0
27600.0,1.0,1.0,8.0
27600.0,1.0,2.0,8.0
27600.0,2.0,3.0,8.0
27600.0,1.0,4.0,8.0
27600.0,3.0,5.0,8.0
27600.0,2.0,6.0,8.0
27600.0,3.0,7.0,8.0
27600.0,3.0,8.0,8.0
27600.0,4.0,9.0,8.0
27600.0,4.0,10.0,8.0
27600.0,5.0,11.0,8.0
27600.0,4.0,12.0,8.0
27600.0,4.0,13.0,8.0
27600.0,4.0,14.0,8.0
27600.0,4.0,15.0,8.0
27600.0,4.0,16.0,8.0
27600.0,4.0,17.0,8.0
27600.0,4.0,18.0,8.0
27600.0,4.0,19.0,8.0
27600.0,4.0,20.0,8.0
27700.0,1.0,1.0,8.0
27700.0,1.0,2.0,8.0
27700.0,3.0,3.0,8.0
27700.0,3.0,4.0,8.0
27700.0,4.0,5.0,8.0
27700.0,4.0,6.0,8.0
27700.0,4.0,7.0,8.0
27700.0,4.0,8.0,8.0
27700.0,4.0,9.0,8.0
27700.0,4.0,10.0,8.0
27700.0,4.0,11.0,8.0
27700.0,4.0,12.0,8.0
27700.0,4.0,13.0,8.0
27700.0,4.0,14.0,8.0
27700.0,4.0,15.0,8.0
27700.0,4.0,16.0,8.0
27700.0,4.0,17.0,8.0
27700.0,4.0,18.0,8.0
27700.0,4.0,19.0,8.0
27700.0,4.0,20.0,8.0
27800.0,4.0,1.0,8.0
27800.0,4.0,2.0,8.0
27800.0,4.0,3.0,8.0
27800.0,4.0,4.0,8.0
27800.0,3.0,5.0,8.0
27800.0,3.0,6.0,8.0
27800.0,3.0,7.0,8.0
27800.0,3.0,8.0,8.0
27800.0,3.0,9.0,8.0
27800.0,3.0,10.0,8.0
27800.0,3.0,11.0,8.0
27800.0,3.0,12.0,8.0
27800.0,3.0,13.0,8.0
27800.0,3.0,14.0,8.0
27800.0,3.0,15.0,8.0
27800.0,3.0,16.0,8.0
27800.0,3.0,17.0,8.0
27800.0,3.0,18.0,8.0
27800.0,4.0,19.0,8.0
27800.0,3.0,20.0,8.0
27900.0,1.0,1.0,8.0
27900.0,1.0,2.0,8.0
27900.0,1.0,3.0,8.0
27900.0,1.0,4.0,8.0
27900.0,2.0,5.0,8.0
27900.0,2.0,6.0,8.0
27900.0,2.0,7.0,8.0
27900.0,2.0,8.0,8.0
27900.0,2.0,9.0,8.0
27900.0,2.0,10.0,8.0
27900.0,2.0,11.0,8.0
27900.0,2.0,12.0,8.0
27900.0,2.0,13.0,8.0
27900.0,2.0,14.0,8.0
27900.0,2.0,15.0,8.0
27900.0,2.0,16.0,8.0
27900.0,1.0,17.0,8.0
27900.0,1.0,18.0,8.0
27900.0,2.0,19.0,8.0
27900.0,1.0,20.0,8.0
28000.0,0.0,1.0,8.0
28000.0,0.0,2.0,8.0
28000.0,1.0,3.0,8.0
28000.0,1.0,4.0,8.0
28000.0,1.0,5.0,8.0
28000.0,1.0,6.0,8.0
28000.0,1.0,7.0,8.0
28000.0,1.0,8.0,8.0
28000.0,1.0,9.0,8.0
28000.0,1.0,10.0,8.0
28000.0,1.0,11.0,8.0
28000.0,1.0,12.0,8.0
28000.0,1.0,13.0,8.0
28000.0,1.0,14.0,8.0
28000.0,1.0,15.0,8.0
28000.0,1.0,16.0,8.0
28000.0,1.0,17.0,8.0
28000.0,1.0,18.0,8.0
28000.0,1.0,19.0,8.0
28000.0,1.0,20.0,8.0
28100.0,3.0,1.0,8.0
28100.0,3.0,2.0,8.0
28100.0,2.0,3.0,8.0
28100.0,1.0,4.0,8.0
28100.0,1.0,5.0,8.0
28100.0,2.0,6.0,8.0
28100.0,2.0,7.0,8.0
28100.0,2.0,8.0,8.0
28100.0,2.0,9.0,8.0
28100.0,3.0,10.0,8.0
28100.0,3.0,11.0,8.0
28100.0,3.0,12.0,8.0
28100.0,3.0,13.0,8.0
28100.0,3.0,14.0,8.0
28100.0,3.0,15.0,8.0
28100.0,3.0,16.0,8.0
28100.0,3.0,17.0,8.0
28100.0,3.0,18.0,8.0
28100.0,3.0,19.0,8.0
28100.0,3.0,20.0,8.0
28200.0,1.0,1.0,8.0
28200.0,1.0,2.0,8.0
28200.0,1.0,3.0,8.0
28200.0,0.0,4.0,8.0
28200.0,1.0,5.0,8.0
28200.0,1.0,6.0,8.0
28200.0,3.0,7.0,8.0
28200.0,3.0,8.0,8.0
28200.0,2.0,9.0,8.0
28200.0,2.0,10.0,8.0
28200.0,3.0,11.0,8.0
28200.0,3.0,12.0,8.0
28200.0,3.0,13.0,8.0
28200.0,3.0,14.0,8.0
28200.0,3.0,15.0,8.0
28200.0,3.0,16.0,8.0
28200.0,4.0,17.0,8.0
28200.0,4.0,18.0,8.0
28200.0,4.0,19.0,8.0
28200.0,4.0,20.0,8.0
28300.0,0.0,1.0,8.0
28300.0,0.0,2.0,8.0
28300.0,2.0,3.0,8.0
28300.0,1.0,4.0,8.0
28300.0,1.0,5.0,8.0
28300.0,1.0,6.0,8.0
28300.0,1.0,7.0,8.0
28300.0,1.0,8.0,8.0
28300.0,1.0,9.0,8.0
28300.0,1.0,10.0,8.0
28300.0,1.0,11.0,8.0
28300.0,1.0,12.0,8.0
28300.0,1.0,13.0,8.0
28300.0,1.0,14.0,8.0
28300.0,1.0,15.0,8.0
28300.0,1.0,16.0,8.0
28300.0,1.0,17.0,8.0
28300.0,1.0,18.0,8.0
28300.0,1.0,19.0,8.0
28300.0,1.0,20.0,8.0
28400.0,2.0,1.0,8.0
28400.0,2.0,2.0,8.0
28400.0,2.0,3.0,8.0
28400.0,2.0,4.0,8.0
28400.0,3.0,5.0,8.0
28400.0,3.0,6.0,8.0
28400.0,4.0,7.0,8.0
28400.0,3.0,8.0,8.0
28400.0,5.0,9.0,8.0
28400.0,4.0,10.0,8.0
28400.0,5.0,11.0,8.0
28400.0,4.0,12.0,8.0
28400.0,5.0,13.0,8.0
28400.0,5.0,14.0,8.0
28400.0,6.0,15.0,8.0
28400.0,5.0,16.0,8.0
28400.0,5.0,17.0,8.0
28400.0,5.0,18.0,8.0
28400.0,6.0,19.0,8.0
28400.0,5.0,20.0,8.0
28500.0,2.0,1.0,8.0
28500.0,2.0,2.0,8.0
28500.0,2.0,3.0,8.0
28500.0,2.0,4.0,8.0
28500.0,2.0,5.0,8.0
28500.0,2.0,6.0,8.0
28500.0,2.0,7.0,8.0
28500.0,2.0,8.0,8.0
28500.0,2.0,9.0,8.0
28500.0,2.0,10.0,8.0
28500.0,2.0,11.0,8.0
28500.0,2.0,12.0,8.0
28500.0,2.0,13.0,8.0
28500.0,2.0,14.0,8.0
28500.0,2.0,15.0,8.0
28500.0,2.0,16.0,8.0
28500.0,2.0,17.0,8.0
28500.0,2.0,18.0,8.0
28500.0,2.0,19.0,8.0
28500.0,2.0,20.0,8.0
28600.0,0.0,1.0,8.0
28600.0,0.0,2.0,8.0
28600.0,1.0,3.0,8.0
28600.0,0.0,4.0,8.0
28600.0,1.0,5.0,8.0
28600.0,1.0,6.0,8.0
28600.0,1.0,7.0,8.0
28600.0,1.0,8.0,8.0
28600.0,1.0,9.0,8.0
28600.0,1.0,10.0,8.0
28600.0,1.0,11.0,8.0
28600.0,1.0,12.0,8.0
28600.0,1.0,13.0,8.0
28600.0,2.0,14.0,8.0
28600.0,2.0,15.0,8.0
28600.0,2.0,16.0,8.0
28600.0,1.0,17.0,8.0
28600.0,2.0,18.0,8.0
28600.0,1.0,19.0,8.0
28600.0,1.0,20.0,8.0
28700.0,3.0,1.0,8.0
28700.0,3.0,2.0,8.0
28700.0,3.0,3.0,8.0
28700.0,4.0,4.0,8.0
28700.0,5.0,5.0,8.0
28700.0,5.0,6.0,8.0
28700.0,5.0,7.0,8.0
28700.0,3.0,8.0,8.0
28700.0,4.0,9.0,8.0
28700.0,3.0,10.0,8.0
28700.0,4.0,11.0,8.0
28700.0,4.0,12.0,8.0
28700.0,5.0,13.0,8.0
28700.0,4.0,14.0,8.0
28700.0,4.0,15.0,8.0
28700.0,4.0,16.0,8.0
28700.0,4.0,17.0,8.0
28700.0,3.0,18.0,8.0
28700.0,3.0,19.0,8.0
28700.0,3.0,20.0,8.0
28800.0,1.0,1.0,8.0
28800.0,1.0,2.0,8.0
28800.0,4.0,3.0,8.0
28800.0,1.0,4.0,8.0
28800.0,5.0,5.0,8.0
28800.0,4.0,6.0,8.0
28800.0,5.0,7.0,8.0
28800.0,4.0,8.0,8.0
28800.0,5.0,9.0,8.0
28800.0,4.0,10.0,8.0
28800.0,4.0,11.0,8.0
28800.0,4.0,12.0,8.0
28800.0,4.0,13.0,8.0
28800.0,4.0,14.0,8.0
28800.0,4.0,15.0,8.0
28800.0,4.0,16.0,8.0
28800.0,4.0,17.0,8.0
28800.0,4.0,18.0,8.0
28800.0,5.0,19.0,8.0
28800.0,4.0,20.0,8.0
28900.0,2.0,1.0,8.0
28900.0,2.0,2.0,8.0
28900.0,1.0,3.0,8.0
28900.0,1.0,4.0,8.0
28900.0,1.0,5.0,8.0
28900.0,1.0,6.0,8.0
28900.0,1.0,7.0,8.0
28900.0,1.0,8.0,8.0
28900.0,1.0,9.0,8.0
28900.0,1.0,10.0,8.0
28900.0,1.0,11.0,8.0
28900.0,1.0,12.0,8.0
28900.0,1.0,13.0,8.0
28900.0,1.0,14.0,8.0
28900.0,1.0,15.0,8.0
28900.0,1.0,16.0,8.0
28900.0,1.0,17.0,8.0
28900.0,1.0,18.0,8.0
28900.0,1.0,19.0,8.0
28900.0,1.0,20.0,8.0
29000.0,1.0,1.0,8.0
29000.0,1.0,2.0,8.0
29000.0,1.0,3.0,8.0
29000.0,1.0,4.0,8.0
29000.0,2.0,5.0,8.0
29000.0,1.0,6.0,8.0
29000.0,2.0,7.0,8.0
29000.0,1.0,8.0,8.0
29000.0,2.0,9.0,8.0
29000.0,1.0,10.0,8.0
29000.0,2.0,11.0,8.0
29000.0,2.0,12.0,8.0
29000.0,2.0,13.0,8.0
29000.0,1.0,14.0,8.0
29000.0,1.0,15.0,8.0
29000.0,1.0,16.0,8.0
29000.0,2.0,17.0,8.0
29000.0,1.0,18.0,8.0
29000.0,1.0,19.0,8.0
29000.0,1.0,20.0,8.0
29100.0,4.0,1.0,8.0
29100.0,4.0,2.0,8.0
29100.0,1.0,3.0,8.0
29100.0,1.0,4.0,8.0
29100.0,2.0,5.0,8.0
29100.0,1.0,6.0,8.0
29100.0,2.0,7.0,8.0
29100.0,0.0,8.0,8.0
29100.0,1.0,9.0,8.0
29100.0,0.0,10.0,8.0
29100.0,1.0,11.0,8.0
29100.0,0.0,12.0,8.0
29100.0,0.0,13.0,8.0
29100.0,0.0,14.0,8.0
29100.0,0.0,15.0,8.0
29100.0,0.0,16.0,8.0
29100.0,0.0,17.0,8.0
29100.0,0.0,18.0,8.0
29100.0,0.0,19.0,8.0
29100.0,0.0,20.0,8.0
29200.0,3.0,1.0,8.0
29200.0,3.0,2.0,8.0
29200.0,2.0,3.0,8.0
29200.0,2.0,4.0,8.0
29200.0,3.0,5.0,8.0
29200.0,3.0,6.0,8.0
29200.0,4.0,7.0,8.0
29200.0,2.0,8.0,8.0
29200.0,4.0,9.0,8.0
29200.0,3.0,10.0,8.0
29200.0,5.0,11.0,8.0
29200.0,5.0,12.0,8.0
29200.0,4.0,13.0,8.0
29200.0,5.0,14.0,8.0
29200.0,5.0,15.0,8.0
29200.0,5.0,16.0,8.0
29200.0,4.0,17.0,8.0
29200.0,5.0,18.0,8.0
29200.0,5.0,19.0,8.0
29200.0,5.0,20.0,8.0
29300.0,6.0,1.0,8.0
29300.0,6.0,2.0,8.0
29300.0,3.0,3.0,8.0
29300.0,3.0,4.0,8.0
29300.0,3.0,5.0,8.0
29300.0,3.0,6.0,8.0
29300.0,3.0,7.0,8.0
29300.0,3.0,8.0,8.0
29300.0,3.0,9.0,8.0
29300.0,3.0,10.0,8.0
29300.0,3.0,11.0,8.0
29300.0,3.0,12.0,8.0
29300.0,3.0,13.0,8.0
29300.0,3.0,14.0,8.0
29300.0,3.0,15.0,8.0
29300.0,3.0,16.0,8.0
29300.0,3.0,17.0,8.0
29300.0,3.0,18.0,8.0
29300.0,3.0,19.0,8.0
29300.0,3.0,20.0,8.0
29400.0,3.0,1.0,8.0
29400.0,3.0,2.0,8.0
29400.0,3.0,3.0,8.0
29400.0,1.0,4.0,8.0
29400.0,1.0,5.0,8.0
29400.0,2.0,6.0,8.0
29400.0,2.0,7.0,8.0
29400.0,2.0,8.0,8.0
29400.0,4.0,9.0,8.0
29400.0,3.0,10.0,8.0
29400.0,3.0,11.0,8.0
29400.0,2.0,12.0,8.0
29400.0,3.0,13.0,8.0
29400.0,2.0,14.0,8.0
29400.0,2.0,15.0,8.0
29400.0,2.0,16.0,8.0
29400.0,1.0,17.0,8.0
29400.0,1.0,18.0,8.0
29400.0,2.0,19.0,8.0
29400.0,2.0,20.0,8.0
29500.0,1.0,1.0,8.0
29500.0,1.0,2.0,8.0
29500.0,1.0,3.0,8.0
29500.0,1.0,4.0,8.0
29500.0,1.0,5.0,8.0
29500.0,1.0,6.0,8.0
29500.0,1.0,7.0,8.0
29500.0,1.0,8.0,8.0
29500.0,1.0,9.0,8.0
29500.0,1.0,10.0,8.0
29500.0,1.0,11.0,8.0
29500.0,1.0,12.0,8.0
29500.0,2.0,13.0,8.0
29500.0,2.0,14.0,8.0
29500.0,2.0,15.0,8.0
29500.0,2.0,16.0,8.0
29500.0,2.0,17.0,8.0
29500.0,2.0,18.0,8.0
29500.0,2.0,19.0,8.0
29500.0,2.0,20.0,8.0
29600.0,0.0,1.0,8.0
29600.0,0.0,2.0,8.0
29600.0,0.0,3.0,8.0
29600.0,0.0,4.0,8.0
29600.0,1.0,5.0,8.0
29600.0,1.0,6.0,8.0
29600.0,1.0,7.0,8.0
29600.0,1.0,8.0,8.0
29600.0,2.0,9.0,8.0
29600.0,2.0,10.0,8.0
29600.0,2.0,11.0,8.0
29600.0,2.0,12.0,8.0
29600.0,3.0,13.0,8.0
29600.0,3.0,14.0,8.0
29600.0,3.0,15.0,8.0
29600.0,3.0,16.0,8.0
29600.0,3.0,17.0,8.0
29600.0,3.0,18.0,8.0
29600.0,3.0,19.0,8.0
29600.0,3.0,20.0,8.0
29700.0,3.0,1.0,8.0
29700.0,3.0,2.0,8.0
29700.0,3.0,3.0,8.0
29700.0,3.0,4.0,8.0
29700.0,3.0,5.0,8.0
29700.0,3.0,6.0,8.0
29700.0,3.0,7.0,8.0
29700.0,3.0,8.0,8.0
29700.0,3.0,9.0,8.0
29700.0,3.0,10.0,8.0
29700.0,3.0,11.0,8.0
29700.0,3.0,12.0,8.0
29700.0,3.0,13.0,8.0
29700.0,2.0,14.0,8.0
29700.0,2.0,15.0,8.0
29700.0,2.0,16.0,8.0
29700.0,2.0,17.0,8.0
29700.0,3.0,18.0,8.0
29700.0,3.0,19.0,8.0
29700.0,3.0,20.0,8.0
29800.0,4.0,1.0,8.0
29800.0,4.0,2.0,8.0
29800.0,3.0,3.0,8.0
29800.0,3.0,4.0,8.0
29800.0,3.0,5.0,8.0
29800.0,3.0,6.0,8.0
29800.0,4.0,7.0,8.0
29800.0,4.0,8.0,8.0
29800.0,4.0,9.0,8.0
29800.0,4.0,10.0,8.0
29800.0,3.0,11.0,8.0
29800.0,3.0,12.0,8.0
29800.0,3.0,13.0,8.0
29800.0,3.0,14.0,8.0
29800.0,3.0,15.0,8.0
29800.0,3.0,16.0,8.0
29800.0,3.0,17.0,8.0
29800.0,3.0,18.0,8.0
29800.0,3.0,19.0,8.0
29800.0,3.0,20.0,8.0
29900.0,3.0,1.0,8.0
29900.0,3.0,2.0,8.0
29900.0,1.0,3.0,8.0
29900.0,3.0,4.0,8.0
29900.0,1.0,5.0,8.0
29900.0,3.0,6.0,8.0
29900.0,3.0,7.0,8.0
29900.0,3.0,8.0,8.0
29900.0,3.0,9.0,8.0
29900.0,3.0,10.0,8.0
29900.0,5.0,11.0,8.0
29900.0,5.0,12.0,8.0
29900.0,5.0,13.0,8.0
29900.0,5.0,14.0,8.0
29900.0,5.0,15.0,8.0
29900.0,5.0,16.0,8.0
29900.0,5.0,17.0,8.0
29900.0,5.0,18.0,8.0
29900.0,5.0,19.0,8.0
29900.0,5.0,20.0,8.0
30000.0,4.0,1.0,8.0
30000.0,4.0,2.0,8.0
30000.0,4.0,3.0,8.0
30000.0,4.0,4.0,8.0
30000.0,2.0,5.0,8.0
30000.0,2.0,6.0,8.0
30000.0,2.0,7.0,8.0
30000.0,2.0,8.0,8.0
30000.0,3.0,9.0,8.0
30000.0,3.0,10.0,8.0
30000.0,3.0,11.0,8.0
30000.0,3.0,12.0,8.0
30000.0,3.0,13.0,8.0
30000.0,3.0,14.0,8.0
30000.0,3.0,15.0,8.0
30000.0,4.0,16.0,8.0
30000.0,6.0,17.0,8.0
30000.0,5.0,18.0,8.0
30000.0,6.0,19.0,8.0
30000.0,5.0,20.0,8.0
30100.0,4.0,1.0,8.0
30100.0,4.0,2.0,8.0
30100.0,4.0,3.0,8.0
30100.0,3.0,4.0,8.0
30100.0,4.0,5.0,8.0
30100.0,3.0,6.0,8.0
30100.0,4.0,7.0,8.0
30100.0,3.0,8.0,8.0
30100.0,4.0,9.0,8.0
30100.0,4.0,10.0,8.0
30100.0,4.0,11.0,8.0
30100.0,3.0,12.0,8.0
30100.0,4.0,13.0,8.0
30100.0,4.0,14.0,8.0
30100.0,4.0,15.0,8.0
30100.0,4.0,16.0,8.0
30100.0,4.0,17.0,8.0
30100.0,4.0,18.0,8.0
30100.0,4.0,19.0,8.0
30100.0,4.0,20.0,8.0
30200.0,4.0,1.0,8.0
30200.0,4.0,2.0,8.0
30200.0,3.0,3.0,8.0
30200.0,3.0,4.0,8.0
30200.0,3.0,5.0,8.0
30200.0,4.0,6.0,8.0
30200.0,4.0,7.0,8.0
30200.0,4.0,8.0,8.0
30200.0,4.0,9.0,8.0
30200.0,4.0,10.0,8.0
30200.0,5.0,11.0,8.0
30200.0,4.0,12.0,8.0
30200.0,4.0,13.0,8.0
30200.0,4.0,14.0,8.0
30200.0,5.0,15.0,8.0
30200.0,5.0,16.0,8.0
30200.0,5.0,17.0,8.0
30200.0,5.0,18.0,8.0
30200.0,4.0,19.0,8.0
30200.0,4.0,20.0,8.0
30300.0,1.0,1.0,8.0
30300.0,1.0,2.0,8.0
30300.0,1.0,3.0,8.0
30300.0,1.0,4.0,8.0
30300.0,0.0,5.0,8.0
30300.0,0.0,6.0,8.0
30300.0,1.0,7.0,8.0
30300.0,0.0,8.0,8.0
30300.0,1.0,9.0,8.0
30300.0,1.0,10.0,8.0
30300.0,1.0,11.0,8.0
30300.0,1.0,12.0,8.0
30300.0,1.0,13.0,8.0
30300.0,1.0,14.0,8.0
30300.0,2.0,15.0,8.0
30300.0,2.0,16.0,8.0
30300.0,2.0,17.0,8.0
30300.0,2.0,18.0,8.0
30300.0,2.0,19.0,8.0
30300.0,2.0,20.0,8.0
30400.0,2.0,1.0,8.0
30400.0,2.0,2.0,8.0
30400.0,2.0,3.0,8.0
30400.0,3.0,4.0,8.0
30400.0,3.0,5.0,8.0
30400.0,2.0,6.0,8.0
30400.0,1.0,7.0,8.0
30400.0,1.0,8.0,8.0
30400.0,1.0,9.0,8.0
30400.0,2.0,10.0,8.0
30400.0,2.0,11.0,8.0
30400.0,2.0,12.0,8.0
30400.0,1.0,13.0,8.0
30400.0,1.0,14.0,8.0
30400.0,1.0,15.0,8.0
30400.0,1.0,16.0,8.0
30400.0,1.0,17.0,8.0
30400.0,1.0,18.0,8.0
30400.0,2.0,19.0,8.0
30400.0,2.0,20.0,8.0
30500.0,2.0,1.0,8.0
30500.0,2.0,2.0,8.0
30500.0,1.0,3.0,8.0
30500.0,2.0,4.0,8.0
30500.0,1.0,5.0,8.0
30500.0,1.0,6.0,8.0
30500.0,1.0,7.0,8.0
30500.0,1.0,8.0,8.0
30500.0,1.0,9.0,8.0
30500.0,1.0,10.0,8.0
30500.0,1.0,11.0,8.0
30500.0,1.0,12.0,8.0
30500.0,1.0,13.0,8.0
30500.0,2.0,14.0,8.0
30500.0,2.0,15.0,8.0
30500.0,2.0,16.0,8.0
30500.0,2.0,17.0,8.0
30500.0,2.0,18.0,8.0
30500.0,2.0,19.0,8.0
30500.0,2.0,20.0,8.0
30600.0,1.0,1.0,8.0
30600.0,1.0,2.0,8.0
30600.0,3.0,3.0,8.0
30600.0,2.0,4.0,8.0
30600.0,2.0,5.0,8.0
30600.0,2.0,6.0,8.0
30600.0,4.0,7.0,8.0
30600.0,4.0,8.0,8.0
30600.0,4.0,9.0,8.0
30600.0,5.0,10.0,8.0
30600.0,5.0,11.0,8.0
30600.0,5.0,12.0,8.0
30600.0,5.0,13.0,8.0
30600.0,5.0,14.0,8.0
30600.0,5.0,15.0,8.0
30600.0,5.0,16.0,8.0
30600.0,5.0,17.0,8.0
30600.0,5.0,18.0,8.0
30600.0,5.0,19.0,8.0
30600.0,6.0,20.0,8.0
30700.0,2.0,1.0,8.0
30700.0,2.0,2.0,8.0
30700.0,2.0,3.0,8.0
30700.0,2.0,4.0,8.0
30700.0,2.0,5.0,8.0
30700.0,2.0,6.0,8.0
30700.0,2.0,7.0,8.0
30700.0,2.0,8.0,8.0
30700.0,2.0,9.0,8.0
30700.0,2.0,10.0,8.0
30700.0,2.0,11.0,8.0
30700.0,2.0,12.0,8.0
30700.0,2.0,13.0,8.0
30700.0,2.0,14.0,8.0
30700.0,2.0,15.0,8.0
30700.0,2.0,16.0,8.0
30700.0,2.0,17.0,8.0
30700.0,3.0,18.0,8.0
30700.0,2.0,19.0,8.0
30700.0,3.0,20.0,8.0
30800.0,1.0,1.0,8.0
30800.0,1.0,2.0,8.0
30800.0,2.0,3.0,8.0
30800.0,2.0,4.0,8.0
30800.0,3.0,5.0,8.0
30800.0,2.0,6.0,8.0
30800.0,3.0,7.0,8.0
30800.0,3.0,8.0,8.0
30800.0,2.0,9.0,8.0
30800.0,2.0,10.0,8.0
30800.0,3.0,11.0,8.0
30800.0,2.0,12.0,8.0
30800.0,2.0,13.0,8.0
30800.0,2.0,14.0,8.0
30800.0,2.0,15.0,8.0
30800.0,2.0,16.0,8.0
30800.0,2.0,17.0,8.0
30800.0,2.0,18.0,8.0
30800.0,2.0,19.0,8.0
30800.0,2.0,20.0,8.0
30900.0,3.0,1.0,8.0
30900.0,3.0,2.0,8.0
30900.0,3.0,3.0,8.0
30900.0,3.0,4.0,8.0
30900.0,3.0,5.0,8.0
30900.0,3.0,6.0,8.0
30900.0,3.0,7.0,8.0
30900.0,3.0,8.0,8.0
30900.0,2.0,9.0,8.0
30900.0,2.0,10.0,8.0
30900.0,2.0,11.0,8.0
30900.0,2.0,12.0,8.0
30900.0,3.0,13.0,8.0
30900.0,3.0,14.0,8.0
30900.0,3.0,15.0,8.0
30900.0,3.0,16.0,8.0
30900.0,3.0,17.0,8.0
30900.0,3.0,18.0,8.0
30900.0,3.0,19.0,8.0
30900.0,3.0,20.0,8.0
31000.0,2.0,1.0,8.0
31000.0,2.0,2.0,8.0
31000.0,3.0,3.0,8.0
31000.0,3.0,4.0,8.0
31000.0,4.0,5.0,8.0
31000.0,4.0,6.0,8.0
31000.0,3.0,7.0,8.0
31000.0,1.0,8.0,8.0
31000.0,2.0,9.0,8.0
31000.0,1.0,10.0,8.0
31000.0,3.0,11.0,8.0
31000.0,3.0,12.0,8.0
31000.0,3.0,13.0,8.0
31000.0,3.0,14.0,8.0
31000.0,3.0,15.0,8.0
31000.0,2.0,16.0,8.0
31000.0,3.0,17.0,8.0
31000.0,3.0,18.0,8.0
31000.0,3.0,19.0,8.0
31000.0,3.0,20.0,8.0
31100.0,2.0,1.0,8.0
31100.0,2.0,2.0,8.0
31100.0,2.0,3.0,8.0
31100.0,1.0,4.0,8.0
31100.0,1.0,5.0,8.0
31100.0,1.0,6.0,8.0
31100.0,1.0,7.0,8.0
31100.0,0.0,8.0,8.0
31100.0,0.0,9.0,8.0
31100.0,0.0,10.0,8.0
31100.0,0.0,11.0,8.0
31100.0,1.0,12.0,8.0
31100.0,1.0,13.0,8.0
31100.0,1.0,14.0,8.0
31100.0,1.0,15.0,8.0
31100.0,2.0,16.0,8.0
31100.0,2.0,17.0,8.0
31100.0,2.0,18.0,8.0
31100.0,2.0,19.0,8.0
31100.0,1.0,20.0,8.0
31200.0,2.0,1.0,8.0
31200.0,2.0,2.0,8.0
31200.0,4.0,3.0,8.0
31200.0,4.0,4.0,8.0
31200.0,3.0,5.0,8.0
31200.0,3.0,6.0,8.0
31200.0,5.0,7.0,8.0
31200.0,4.0,8.0,8.0
31200.0,4.0,9.0,8.0
31200.0,4.0,10.0,8.0
31200.0,5.0,11.0,8.0
31200.0,5.0,12.0,8.0
31200.0,5.0,13.0,8.0
31200.0,5.0,14.0,8.0
31200.0,6.0,15.0,8.0
31200.0,5.0,16.0,8.0
31200.0,5.0,17.0,8.0
31200.0,5.0,18.0,8.0
31200.0,6.0,19.0,8.0
31200.0,6.0,20.0,8.0
31300.0,0.0,1.0,8.0
31300.0,0.0,2.0,8.0
31300.0,0.0,3.0,8.0
31300.0,0.0,4.0,8.0
31300.0,0.0,5.0,8.0
31300.0,0.0,6.0,8.0
31300.0,0.0,7.0,8.0
31300.0,0.0,8.0,8.0
31300.0,0.0,9.0,8.0
31300.0,0.0,10.0,8.0
31300.0,0.0,11.0,8.0
31300.0,0.0,12.0,8.0
31300.0,0.0,13.0,8.0
31300.0,0.0,14.0,8.0
31300.0,1.0,15.0,8.0
31300.0,1.0,16.0,8.0
31300.0,1.0,17.0,8.0
31300.0,1.0,18.0,8.0
31300.0,1.0,19.0,8.0
31300.0,2.0,20.0,8.0
31400.0,0.0,1.0,8.0
31400.0,0.0,2.0,8.0
31400.0,1.0,3.0,8.0
31400.0,2.0,4.0,8.0
31400.0,1.0,5.0,8.0
31400.0,1.0,6.0,8.0
31400.0,2.0,7.0,8.0
31400.0,1.0,8.0,8.0
31400.0,3.0,9.0,8.0
31400.0,3.0,10.0,8.0
31400.0,4.0,11.0,8.0
31400.0,3.0,12.0,8.0
31400.0,4.0,13.0,8.0
31400.0,3.0,14.0,8.0
31400.0,3.0,15.0,8.0
31400.0,3.0,16.0,8.0
31400.0,5.0,17.0,8.0
31400.0,5.0,18.0,8.0
31400.0,5.0,19.0,8.0
31400.0,5.0,20.0,8.0
31500.0,2.0,1.0,8.0
31500.0,2.0,2.0,8.0
31500.0,2.0,3.0,8.0
31500.0,2.0,4.0,8.0
31500.0,2.0,5.0,8.0
31500.0,2.0,6.0,8.0
31500.0,2.0,7.0,8.0
31500.0,4.0,8.0,8.0
31500.0,4.0,9.0,8.0
31500.0,3.0,10.0,8.0
31500.0,3.0,11.0,8.0
31500.0,4.0,12.0,8.0
31500.0,4.0,13.0,8.0
31500.0,4.0,14.0,8.0
31500.0,4.0,15.0,8.0
31500.0,5.0,16.0,8.0
31500.0,5.0,17.0,8.0
31500.0,5.0,18.0,8.0
31500.0,5.0,19.0,8.0
31500.0,5.0,20.0,8.0
31600.0,5.0,1.0,8.0
31600.0,5.0,2.0,8.0
31600.0,3.0,3.0,8.0
31600.0,3.0,4.0,8.0
31600.0,2.0,5.0,8.0
31600.0,3.0,6.0,8.0
31600.0,2.0,7.0,8.0
31600.0,3.0,8.0,8.0
31600.0,2.0,9.0,8.0
31600.0,3.0,10.0,8.0
31600.0,3.0,11.0,8.0
31600.0,3.0,12.0,8.0
31600.0,3.0,13.0,8.0
31600.0,3.0,14.0,8.0
31600.0,3.0,15.0,8.0
31600.0,3.0,16.0,8.0
31600.0,3.0,17.0,8.0
31600.0,3.0,18.0,8.0
31600.0,3.0,19.0,8.0
31600.0,3.0,20.0,8.0
31700.0,5.0,1.0,8.0
31700.0,5.0,2.0,8.0
31700.0,4.0,3.0,8.0
31700.0,4.0,4.0,8.0
31700.0,4.0,5.0,8.0
31700.0,6.0,6.0,8.0
31700.0,5.0,7.0,8.0
31700.0,5.0,8.0,8.0
31700.0,5.0,9.0,8.0
31700.0,4.0,10.0,8.0
31700.0,4.0,11.0,8.0
31700.0,5.0,12.0,8.0
31700.0,5.0,13.0,8.0
31700.0,5.0,14.0,8.0
31700.0,4.0,15.0,8.0
31700.0,4.0,16.0,8.0
31700.0,4.0,17.0,8.0
31700.0,4.0,18.0,8.0
31700.0,4.0,19.0,8.0
31700.0,5.0,20.0,8.0
31800.0,5.0,1.0,8.0
31800.0,5.0,2.0,8.0
31800.0,5.0,3.0,8.0
31800.0,5.0,4.0,8.0
31800.0,6.0,5.0,8.0
31800.0,7.0,6.0,8.0
31800.0,6.0,7.0,8.0
31800.0,6.0,8.0,8.0
31800.0,6.0,9.0,8.0
31800.0,6.0,10.0,8.0
31800.0,6.0,11.0,8.0
31800.0,6.0,12.0,8.0
31800.0,6.0,13.0,8.0
31800.0,6.0,14.0,8.0
31800.0,6.0,15.0,8.0
31800.0,6.0,16.0,8.0
31800.0,6.0,17.0,8.0
31800.0,6.0,18.0,8.0
31800.0,6.0,19.0,8.0
31800.0,6.0,20.0,8.0
31900.0,3.0,1.0,8.0
31900.0,3.0,2.0,8.0
31900.0,3.0,3.0,8.0
31900.0,2.0,4.0,8.0
31900.0,2.0,5.0,8.0
31900.0,2.0,6.0,8.0
31900.0,2.0,7.0,8.0
31900.0,2.0,8.0,8.0
31900.0,2.0,9.0,8.0
31900.0,2.0,10.0,8.0
31900.0,2.0,11.0,8.0
31900.0,2.0,12.0,8.0
31900.0,3.0,13.0,8.0
31900.0,3.0,14.0,8.0
31900.0,3.0,15.0,8.0
31900.0,3.0,16.0,8.0
31900.0,3.0,17.0,8.0
31900.0,3.0,18.0,8.0
31900.0,3.0,19.0,8.0
31900.0,3.0,20.0,8.0
32000.0,1.0,1.0,8.0
32000.0,1.0,2.0,8.0
32000.0,3.0,3.0,8.0
32000.0,2.0,4.0,8.0
32000.0,1.0,5.0,8.0
32000.0,1.0,6.0,8.0
32000.0,3.0,7.0,8.0
32000.0,3.0,8.0,8.0
32000.0,3.0,9.0,8.0
32000.0,1.0,10.0,8.0
32000.0,3.0,11.0,8.0
32000.0,2.0,12.0,8.0
32000.0,4.0,13.0,8.0
32000.0,4.0,14.0,8.0
32000.0,4.0,15.0,8.0
32000.0,4.0,16.0,8.0
32000.0,4.0,17.0,8.0
32000.0,3.0,18.0,8.0
32000.0,4.0,19.0,8.0
32000.0,4.0,20.0,8.0
32100.0,3.0,1.0,8.0
32100.0,3.0,2.0,8.0
32100.0,3.0,3.0,8.0
32100.0,2.0,4.0,8.0
32100.0,2.0,5.0,8.0
32100.0,3.0,6.0,8.0
32100.0,3.0,7.0,8.0
32100.0,3.0,8.0,8.0
32100.0,3.0,9.0,8.0
32100.0,3.0,10.0,8.0
32100.0,3.0,11.0,8.0
32100.0,3.0,12.0,8.0
32100.0,3.0,13.0,8.0
32100.0,3.0,14.0,8.0
32100.0,4.0,15.0,8.0
32100.0,3.0,16.0,8.0
32100.0,4.0,17.0,8.0
32100.0,4.0,18.0,8.0
32100.0,4.0,19.0,8.0
32100.0,3.0,20.0,8.0
32200.0,3.0,1.0,8.0
32200.0,3.0,2.0,8.0
32200.0,2.0,3.0,8.0
32200.0,2.0,4.0,8.0
32200.0,2.0,5.0,8.0
32200.0,2.0,6.0,8.0
32200.0,2.0,7.0,8.0
32200.0,3.0,8.0,8.0
32200.0,4.0,9.0,8.0
32200.0,3.0,10.0,8.0
32200.0,3.0,11.0,8.0
32200.0,3.0,12.0,8.0
32200.0,3.0,13.0,8.0
32200.0,3.0,14.0,8.0
32200.0,3.0,15.0,8.0
32200.0,3.0,16.0,8.0
32200.0,3.0,17.0,8.0
32200.0,3.0,18.0,8.0
32200.0,3.0,19.0,8.0
32200.0,3.0,20.0,8.0
32300.0,2.0,1.0,8.0
32300.0,2.0,2.0,8.0
32300.0,1.0,3.0,8.0
32300.0,1.0,4.0,8.0
32300.0,1.0,5.0,8.0
32300.0,1.0,6.0,8.0
32300.0,1.0,7.0,8.0
32300.0,1.0,8.0,8.0
32300.0,1.0,9.0,8.0
32300.0,2.0,10.0,8.0
32300.0,3.0,11.0,8.0
32300.0,4.0,12.0,8.0
32300.0,3.0,13.0,8.0
32300.0,3.0,14.0,8.0
32300.0,3.0,15.0,8.0
32300.0,3.0,16.0,8.0
32300.0,4.0,17.0,8.0
32300.0,4.0,18.0,8.0
32300.0,3.0,19.0,8.0
32300.0,3.0,20.0,8.0
32400.0,2.0,1.0,8.0
32400.0,2.0,2.0,8.0
32400.0,2.0,3.0,8.0
32400.0,2.0,4.0,8.0
32400.0,2.0,5.0,8.0
32400.0,2.0,6.0,8.0
32400.0,3.0,7.0,8.0
32400.0,3.0,8.0,8.0
32400.0,3.0,9.0,8.0
32400.0,3.0,10.0,8.0
32400.0,3.0,11.0,8.0
32400.0,3.0,12.0,8.0
32400.0,3.0,13.0,8.0
32400.0,2.0,14.0,8.0
32400.0,2.0,15.0,8.0
32400.0,2.0,16.0,8.0
32400.0,2.0,17.0,8.0
32400.0,2.0,18.0,8.0
32400.0,3.0,19.0,8.0
32400.0,2.0,20.0,8.0
32500.0,4.0,1.0,8.0
32500.0,4.0,2.0,8.0
32500.0,5.0,3.0,8.0
32500.0,4.0,4.0,8.0
32500.0,4.0,5.0,8.0
32500.0,4.0,6.0,8.0
32500.0,5.0,7.0,8.0
32500.0,4.0,8.0,8.0
32500.0,7.0,9.0,8.0
32500.0,6.0,10.0,8.0
32500.0,7.0,11.0,8.0
32500.0,7.0,12.0,8.0
32500.0,8.0,13.0,8.0
32500.0,7.0,14.0,8.0
32500.0,8.0,15.0,8.0
32500.0,9.0,16.0,8.0
32500.0,8.0,17.0,8.0
32500.0,9.0,18.0,8.0
32500.0,9.0,19.0,8.0
32500.0,9.0,20.0,8.0
32600.0,1.0,1.0,8.0
32600.0,1.0,2.0,8.0
32600.0,0.0,3.0,8.0
32600.0,1.0,4.0,8.0
32600.0,1.0,5.0,8.0
32600.0,1.0,6.0,8.0
32600.0,1.0,7.0,8.0
32600.0,1.0,8.0,8.0
32600.0,1.0,9.0,8.0
32600.0,1.0,10.0,8.0
32600.0,1.0,11.0,8.0
32600.0,1.0,12.0,8.0
32600.0,2.0,13.0,8.0
32600.0,2.0,14.0,8.0
32600.0,2.0,15.0,8.0
32600.0,3.0,16.0,8.0
32600.0,3.0,17.0,8.0
32600.0,3.0,18.0,8.0
32600.0,3.0,19.0,8.0
32600.0,3.0,20.0,8.0
32700.0,1.0,1.0,8.0
32700.0,1.0,2.0,8.0
32700.0,1.0,3.0,8.0
32700.0,1.0,4.0,8.0
32700.0,1.0,5.0,8.0
32700.0,1.0,6.0,8.0
32700.0,1.0,7.0,8.0
32700.0,1.0,8.0,8.0
32700.0,1.0,9.0,8.0
32700.0,1.0,10.0,8.0
32700.0,1.0,11.0,8.0
32700.0,1.0,12.0,8.0
32700.0,1.0,13.0,8.0
32700.0,1.0,14.0,8.0
32700.0,1.0,15.0,8.0
32700.0,1.0,16.0,8.0
32700.0,1.0,17.0,8.0
32700.0,1.0,18.0,8.0
32700.0,1.0,19.0,8.0
32700.0,1.0,20.0,8.0
32800.0,2.0,1.0,8.0
32800.0,2.0,2.0,8.0
32800.0,2.0,3.0,8.0
32800.0,2.0,4.0,8.0
32800.0,2.0,5.0,8.0
32800.0,3.0,6.0,8.0
32800.0,2.0,7.0,8.0
32800.0,2.0,8.0,8.0
32800.0,2.0,9.0,8.0
32800.0,3.0,10.0,8.0
32800.0,3.0,11.0,8.0
32800.0,3.0,12.0,8.0
32800.0,3.0,13.0,8.0
32800.0,3.0,14.0,8.0
32800.0,3.0,15.0,8.0
32800.0,3.0,16.0,8.0
32800.0,3.0,17.0,8.0
32800.0,3.0,18.0,8.0
32800.0,4.0,19.0,8.0
32800.0,4.0,20.0,8.0
32900.0,4.0,1.0,8.0
32900.0,4.0,2.0,8.0
32900.0,4.0,3.0,8.0
32900.0,4.0,4.0,8.0
32900.0,4.0,5.0,8.0
32900.0,4.0,6.0,8.0
32900.0,3.0,7.0,8.0
32900.0,2.0,8.0,8.0
32900.0,3.0,9.0,8.0
32900.0,2.0,10.0,8.0
32900.0,4.0,11.0,8.0
32900.0,4.0,12.0,8.0
32900.0,4.0,13.0,8.0
32900.0,4.0,14.0,8.0
32900.0,4.0,15.0,8.0
32900.0,4.0,16.0,8.0
32900.0,5.0,17.0,8.0
32900.0,5.0,18.0,8.0
32900.0,5.0,19.0,8.0
32900.0,5.0,20.0,8.0
33000.0,2.0,1.0,8.0
33000.0,2.0,2.0,8.0
33000.0,2.0,3.0,8.0
33000.0,1.0,4.0,8.0
33000.0,1.0,5.0,8.0
33000.0,1.0,6.0,8.0
33000.0,1.0,7.0,8.0
33000.0,1.0,8.0,8.0
33000.0,1.0,9.0,8.0
33000.0,1.0,10.0,8.0
33000.0,1.0,11.0,8.0
33000.0,1.0,12.0,8.0
33000.0,1.0,13.0,8.0
33000.0,1.0,14.0,8.0
33000.0,1.0,15.0,8.0
33000.0,1.0,16.0,8.0
33000.0,1.0,17.0,8.0
33000.0,1.0,18.0,8.0
33000.0,1.0,19.0,8.0
33000.0,1.0,20.0,8.0
33100.0,1.0,1.0,8.0
33100.0,1.0,2.0,8.0
33100.0,2.0,3.0,8.0
33100.0,2.0,4.0,8.0
33100.0,1.0,5.0,8.0
33100.0,1.0,6.0,8.0
33100.0,1.0,7.0,8.0
33100.0,1.0,8.0,8.0
33100.0,2.0,9.0,8.0
33100.0,2.0,10.0,8.0
33100.0,3.0,11.0,8.0
33100.0,2.0,12.0,8.0
33100.0,3.0,13.0,8.0
33100.0,3.0,14.0,8.0
33100.0,2.0,15.0,8.0
33100.0,2.0,16.0,8.0
33100.0,2.0,17.0,8.0
33100.0,2.0,18.0,8.0
33100.0,2.0,19.0,8.0
33100.0,2.0,20.0,8.0
33200.0,1.0,1.0,8.0
33200.0,1.0,2.0,8.0
33200.0,1.0,3.0,8.0
33200.0,1.0,4.0,8.0
33200.0,1.0,5.0,8.0
33200.0,2.0,6.0,8.0
33200.0,2.0,7.0,8.0
33200.0,2.0,8.0,8.0
33200.0,2.0,9.0,8.0
33200.0,2.0,10.0,8.0
33200.0,2.0,11.0,8.0
33200.0,2.0,12.0,8.0
33200.0,2.0,13.0,8.0
33200.0,2.0,14.0,8.0
33200.0,1.0,15.0,8.0
33200.0,1.0,16.0,8.0
33200.0,2.0,17.0,8.0
33200.0,2.0,18.0,8.0
33200.0,2.0,19.0,8.0
33200.0,2.0,20.0,8.0
33300.0,4.0,1.0,8.0
33300.0,4.0,2.0,8.0
33300.0,2.0,3.0,8.0
33300.0,2.0,4.0,8.0
33300.0,1.0,5.0,8.0
33300.0,2.0,6.0,8.0
33300.0,2.0,7.0,8.0
33300.0,2.0,8.0,8.0
33300.0,2.0,9.0,8.0
33300.0,2.0,10.0,8.0
33300.0,2.0,11.0,8.0
33300.0,2.0,12.0,8.0
33300.0,2.0,13.0,8.0
33300.0,2.0,14.0,8.0
33300.0,3.0,15.0,8.0
33300.0,3.0,16.0,8.0
33300.0,3.0,17.0,8.0
33300.0,2.0,18.0,8.0
33300.0,2.0,19.0,8.0
33300.0,2.0,20.0,8.0
33400.0,1.0,1.0,8.0
33400.0,1.0,2.0,8.0
33400.0,1.0,3.0,8.0
33400.0,1.0,4.0,8.0
33400.0,2.0,5.0,8.0
33400.0,1.0,6.0,8.0
33400.0,1.0,7.0,8.0
33400.0,2.0,8.0,8.0
33400.0,2.0,9.0,8.0
33400.0,2.0,10.0,8.0
33400.0,2.0,11.0,8.0
33400.0,2.0,12.0,8.0
33400.0,2.0,13.0,8.0
33400.0,2.0,14.0,8.0
33400.0,2.0,15.0,8.0
33400.0,2.0,16.0,8.0
33400.0,2.0,17.0,8.0
33400.0,1.0,18.0,8.0
33400.0,1.0,19.0,8.0
33400.0,1.0,20.0,8.0
33500.0,0.0,1.0,8.0
33500.0,0.0,2.0,8.0
33500.0,1.0,3.0,8.0
33500.0,0.0,4.0,8.0
33500.0,0.0,5.0,8.0
33500.0,0.0,6.0,8.0
33500.0,0.0,7.0,8.0
33500.0,0.0,8.0,8.0
33500.0,0.0,9.0,8.0
33500.0,0.0,10.0,8.0
33500.0,1.0,11.0,8.0
33500.0,1.0,12.0,8.0
33500.0,1.0,13.0,8.0
33500.0,1.0,14.0,8.0
33500.0,1.0,15.0,8.0
33500.0,1.0,16.0,8.0
33500.0,1.0,17.0,8.0
33500.0,3.0,18.0,8.0
33500.0,3.0,19.0,8.0
33500.0,2.0,20.0,8.0
33600.0,3.0,1.0,8.0
33600.0,3.0,2.0,8.0
33600.0,3.0,3.0,8.0
33600.0,3.0,4.0,8.0
33600.0,3.0,5.0,8.0
33600.0,3.0,6.0,8.0
33600.0,3.0,7.0,8.0
33600.0,4.0,8.0,8.0
33600.0,3.0,9.0,8.0
33600.0,3.0,10.0,8.0
33600.0,3.0,11.0,8.0
33600.0,3.0,12.0,8.0
33600.0,3.0,13.0,8.0
33600.0,4.0,14.0,8.0
33600.0,4.0,15.0,8.0
33600.0,4.0,16.0,8.0
33600.0,3.0,17.0,8.0
33600.0,4.0,18.0,8.0
33600.0,3.0,19.0,8.0
33600.0,3.0,20.0,8.0
33700.0,4.0,1.0,8.0
33700.0,4.0,2.0,8.0
33700.0,3.0,3.0,8.0
33700.0,2.0,4.0,8.0
33700.0,3.0,5.0,8.0
33700.0,3.0,6.0,8.0
33700.0,3.0,7.0,8.0
33700.0,3.0,8.0,8.0
33700.0,2.0,9.0,8.0
33700.0,3.0,10.0,8.0
33700.0,4.0,11.0,8.0
33700.0,4.0,12.0,8.0
33700.0,3.0,13.0,8.0
33700.0,4.0,14.0,8.0
33700.0,4.0,15.0,8.0
33700.0,4.0,16.0,8.0
33700.0,4.0,17.0,8.0
33700.0,4.0,18.0,8.0
33700.0,4.0,19.0,8.0
33700.0,4.0,20.0,8.0
33800.0,2.0,1.0,8.0
33800.0,2.0,2.0,8.0
33800.0,2.0,3.0,8.0
33800.0,1.0,4.0,8.0
33800.0,2.0,5.0,8.0
33800.0,3.0,6.0,8.0
33800.0,2.0,7.0,8.0
33800.0,2.0,8.0,8.0
33800.0,3.0,9.0,8.0
33800.0,2.0,10.0,8.0
33800.0,3.0,11.0,8.0
33800.0,2.0,12.0,8.0
33800.0,3.0,13.0,8.0
33800.0,3.0,14.0,8.0
33800.0,3.0,15.0,8.0
33800.0,2.0,16.0,8.0
33800.0,2.0,17.0,8.0
33800.0,2.0,18.0,8.0
33800.0,5.0,19.0,8.0
33800.0,4.0,20.0,8.0
33900.0,1.0,1.0,8.0
33900.0,1.0,2.0,8.0
33900.0,0.0,3.0,8.0
33900.0,0.0,4.0,8.0
33900.0,0.0,5.0,8.0
33900.0,0.0,6.0,8.0
33900.0,0.0,7.0,8.0
33900.0,0.0,8.0,8.0
33900.0,0.0,9.0,8.0
33900.0,0.0,10.0,8.0
33900.0,0.0,11.0,8.0
33900.0,0.0,12.0,8.0
33900.0,0.0,13.0,8.0
33900.0,0.0,14.0,8.0
33900.0,0.0,15.0,8.0
33900.0,0.0,16.0,8.0
33900.0,0.0,17.0,8.0
33900.0,0.0,18.0,8.0
33900.0,0.0,19.0,8.0
33900.0,0.0,20.0,8.0
34000.0,0.0,1.0,8.0
34000.0,0.0,2.0,8.0
34000.0,0.0,3.0,8.0
34000.0,0.0,4.0,8.0
34000.0,0.0,5.0,8.0
34000.0,0.0,6.0,8.0
34000.0,0.0,7.0,8.0
34000.0,0.0,8.0,8.0
34000.0,0.0,9.0,8.0
34000.0,0.0,10.0,8.0
34000.0,0.0,11.0,8.0
34000.0,0.0,12.0,8.0
34000.0,0.0,13.0,8.0
34000.0,0.0,14.0,8.0
34000.0,0.0,15.0,8.0
34000.0,0.0,16.0,8.0
34000.0,0.0,17.0,8.0
34000.0,0.0,18.0,8.0
34000.0,0.0,19.0,8.0
34000.0,0.0,20.0,8.0
34100.0,3.0,1.0,8.0
34100.0,3.0,2.0,8.0
34100.0,3.0,3.0,8.0
34100.0,4.0,4.0,8.0
34100.0,3.0,5.0,8.0
34100.0,4.0,6.0,8.0
34100.0,2.0,7.0,8.0
34100.0,3.0,8.0,8.0
34100.0,2.0,9.0,8.0
34100.0,3.0,10.0,8.0
34100.0,3.0,11.0,8.0
34100.0,3.0,12.0,8.0
34100.0,4.0,13.0,8.0
34100.0,4.0,14.0,8.0
34100.0,4.0,15.0,8.0
34100.0,4.0,16.0,8.0
34100.0,4.0,17.0,8.0
34100.0,4.0,18.0,8.0
34100.0,3.0,19.0,8.0
34100.0,3.0,20.0,8.0
34200.0,1.0,1.0,8.0
34200.0,1.0,2.0,8.0
34200.0,0.0,3.0,8.0
34200.0,0.0,4.0,8.0
34200.0,0.0,5.0,8.0
34200.0,0.0,6.0,8.0
34200.0,0.0,7.0,8.0
34200.0,0.0,8.0,8.0
34200.0,0.0,9.0,8.0
34200.0,0.0,10.0,8.0
34200.0,0.0,11.0,8.0
34200.0,0.0,12.0,8.0
34200.0,0.0,13.0,8.0
34200.0,0.0,14.0,8.0
34200.0,1.0,15.0,8.0
34200.0,0.0,16.0,8.0
34200.0,0.0,17.0,8.0
34200.0,0.0,18.0,8.0
34200.0,0.0,19.0,8.0
34200.0,1.0,20.0,8.0
34300.0,0.0,1.0,8.0
34300.0,0.0,2.0,8.0
34300.0,0.0,3.0,8.0
34300.0,0.0,4.0,8.0
34300.0,0.0,5.0,8.0
34300.0,0.0,6.0,8.0
34300.0,0.0,7.0,8.0
34300.0,0.0,8.0,8.0
34300.0,0.0,9.0,8.0
34300.0,0.0,10.0,8.0
34300.0,0.0,11.0,8.0
34300.0,0.0,12.0,8.0
34300.0,0.0,13.0,8.0
34300.0,0.0,14.0,8.0
34300.0,0.0,15.0,8.0
34300.0,0.0,16.0,8.0
34300.0,0.0,17.0,8.0
34300.0,0.0,18.0,8.0
34300.0,0.0,19.0,8.0
34300.0,1.0,20.0,8.0
34400.0,1.0,1.0,8.0
34400.0,1.0,2.0,8.0
34400.0,2.0,3.0,8.0
34400.0,2.0,4.0,8.0
34400.0,2.0,5.0,8.0
34400.0,2.0,6.0,8.0
34400.0,2.0,7.0,8.0
34400.0,1.0,8.0,8.0
34400.0,1.0,9.0,8.0
34400.0,1.0,10.0,8.0
34400.0,2.0,11.0,8.0
34400.0,1.0,12.0,8.0
34400.0,1.0,13.0,8.0
34400.0,1.0,14.0,8.0
34400.0,1.0,15.0,8.0
34400.0,1.0,16.0,8.0
34400.0,1.0,17.0,8.0
34400.0,1.0,18.0,8.0
34400.0,1.0,19.0,8.0
34400.0,1.0,20.0,8.0
34500.0,5.0,1.0,8.0
34500.0,5.0,2.0,8.0
34500.0,5.0,3.0,8.0
34500.0,4.0,4.0,8.0
34500.0,6.0,5.0,8.0
34500.0,5.0,6.0,8.0
34500.0,6.0,7.0,8.0
34500.0,6.0,8.0,8.0
34500.0,6.0,9.0,8.0
34500.0,6.0,10.0,8.0
34500.0,6.0,11.0,8.0
34500.0,6.0,12.0,8.0
34500.0,6.0,13.0,8.0
34500.0,6.0,14.0,8.0
34500.0,6.0,15.0,8.0
34500.0,6.0,16.0,8.0
34500.0,6.0,17.0,8.0
34500.0,6.0,18.0,8.0
34500.0,6.0,19.0,8.0
34500.0,6.0,20.0,8.0
34600.0,1.0,1.0,8.0
34600.0,1.0,2.0,8.0
34600.0,0.0,3.0,8.0
34600.0,1.0,4.0,8.0
34600.0,1.0,5.0,8.0
34600.0,0.0,6.0,8.0
34600.0,1.0,7.0,8.0
34600.0,2.0,8.0,8.0
34600.0,2.0,9.0,8.0
34600.0,2.0,10.0,8.0
34600.0,2.0,11.0,8.0
34600.0,3.0,12.0,8.0
34600.0,3.0,13.0,8.0
34600.0,4.0,14.0,8.0
34600.0,3.0,15.0,8.0
34600.0,4.0,16.0,8.0
34600.0,3.0,17.0,8.0
34600.0,4.0,18.0,8.0
34600.0,4.0,19.0,8.0
34600.0,4.0,20.0,8.0
34700.0,5.0,1.0,8.0
34700.0,5.0,2.0,8.0
34700.0,5.0,3.0,8.0
34700.0,4.0,4.0,8.0
34700.0,3.0,5.0,8.0
34700.0,3.0,6.0,8.0
34700.0,1.0,7.0,8.0
34700.0,2.0,8.0,8.0
34700.0,1.0,9.0,8.0
34700.0,1.0,10.0,8.0
34700.0,1.0,11.0,8.0
34700.0,1.0,12.0,8.0
34700.0,1.0,13.0,8.0
34700.0,2.0,14.0,8.0
34700.0,2.0,15.0,8.0
34700.0,3.0,16.0,8.0
34700.0,3.0,17.0,8.0
34700.0,3.0,18.0,8.0
34700.0,4.0,19.0,8.0
34700.0,4.0,20.0,8.0
34800.0,3.0,1.0,8.0
34800.0,3.0,2.0,8.0
34800.0,4.0,3.0,8.0
34800.0,4.0,4.0,8.0
34800.0,5.0,5.0,8.0
34800.0,6.0,6.0,8.0
34800.0,5.0,7.0,8.0
34800.0,4.0,8.0,8.0
34800.0,3.0,9.0,8.0
34800.0,3.0,10.0,8.0
34800.0,3.0,11.0,8.0
34800.0,3.0,12.0,8.0
34800.0,4.0,13.0,8.0
34800.0,4.0,14.0,8.0
34800.0,4.0,15.0,8.0
34800.0,4.0,16.0,8.0
34800.0,4.0,17.0,8.0
34800.0,4.0,18.0,8.0
34800.0,4.0,19.0,8.0
34800.0,4.0,20.0,8.0
34900.0,2.0,1.0,8.0
34900.0,2.0,2.0,8.0
34900.0,2.0,3.0,8.0
34900.0,2.0,4.0,8.0
34900.0,3.0,5.0,8.0
34900.0,4.0,6.0,8.0
34900.0,5.0,7.0,8.0
34900.0,5.0,8.0,8.0
34900.0,5.0,9.0,8.0
34900.0,5.0,10.0,8.0
34900.0,6.0,11.0,8.0
34900.0,6.0,12.0,8.0
34900.0,6.0,13.0,8.0
34900.0,6.0,14.0,8.0
34900.0,6.0,15.0,8.0
34900.0,6.0,16.0,8.0
34900.0,6.0,17.0,8.0
34900.0,6.0,18.0,8.0
34900.0,6.0,19.0,8.0
34900.0,6.0,20.0,8.0
35000.0,3.0,1.0,8.0
35000.0,3.0,2.0,8.0
35000.0,3.0,3.0,8.0
35000.0,2.0,4.0,8.0
35000.0,3.0,5.0,8.0
35000.0,3.0,6.0,8.0
35000.0,3.0,7.0,8.0
35000.0,1.0,8.0,8.0
35000.0,1.0,9.0,8.0
35000.0,2.0,10.0,8.0
35000.0,3.0,11.0,8.0
35000.0,3.0,12.0,8.0
35000.0,4.0,13.0,8.0
35000.0,4.0,14.0,8.0
35000.0,5.0,15.0,8.0
35000.0,5.0,16.0,8.0
35000.0,5.0,17.0,8.0
35000.0,5.0,18.0,8.0
35000.0,5.0,19.0,8.0
35000.0,5.0,20.0,8.0
35100.0,1.0,1.0,8.0
35100.0,1.0,2.0,8.0
35100.0,2.0,3.0,8.0
35100.0,3.0,4.0,8.0
35100.0,3.0,5.0,8.0
35100.0,3.0,6.0,8.0
35100.0,1.0,7.0,8.0
35100.0,0.0,8.0,8.0
35100.0,1.0,9.0,8.0
35100.0,2.0,10.0,8.0
35100.0,2.0,11.0,8.0
35100.0,2.0,12.0,8.0
35100.0,2.0,13.0,8.0
35100.0,1.0,14.0,8.0
35100.0,3.0,15.0,8.0
35100.0,2.0,16.0,8.0
35100.0,3.0,17.0,8.0
35100.0,3.0,18.0,8.0
35100.0,2.0,19.0,8.0
35100.0,3.0,20.0,8.0
35200.0,3.0,1.0,8.0
35200.0,3.0,2.0,8.0
35200.0,1.0,3.0,8.0
35200.0,1.0,4.0,8.0
35200.0,2.0,5.0,8.0
35200.0,2.0,6.0,8.0
35200.0,2.0,7.0,8.0
35200.0,2.0,8.0,8.0
35200.0,1.0,9.0,8.0
35200.0,1.0,10.0,8.0
35200.0,2.0,11.0,8.0
35200.0,2.0,12.0,8.0
35200.0,2.0,13.0,8.0
35200.0,2.0,14.0,8.0
35200.0,2.0,15.0,8.0
35200.0,1.0,16.0,8.0
35200.0,1.0,17.0,8.0
35200.0,1.0,18.0,8.0
35200.0,1.0,19.0,8.0
35200.0,2.0,20.0,8.0
35300.0,3.0,1.0,8.0
35300.0,3.0,2.0,8.0
35300.0,3.0,3.0,8.0
35300.0,3.0,4.0,8.0
35300.0,3.0,5.0,8.0
35300.0,2.0,6.0,8.0
35300.0,3.0,7.0,8.0
35300.0,2.0,8.0,8.0
35300.0,3.0,9.0,8.0
35300.0,3.0,10.0,8.0
35300.0,2.0,11.0,8.0
35300.0,3.0,12.0,8.0
35300.0,2.0,13.0,8.0
35300.0,2.0,14.0,8.0
35300.0,2.0,15.0,8.0
35300.0,2.0,16.0,8.0
35300.0,2.0,17.0,8.0
35300.0,2.0,18.0,8.0
35300.0,2.0,19.0,8.0
35300.0,2.0,20.0,8.0
35400.0,3.0,1.0,8.0
35400.0,3.0,2.0,8.0
35400.0,3.0,3.0,8.0
35400.0,3.0,4.0,8.0
35400.0,4.0,5.0,8.0
35400.0,4.0,6.0,8.0
35400.0,4.0,7.0,8.0
35400.0,4.0,8.0,8.0
35400.0,4.0,9.0,8.0
35400.0,4.0,10.0,8.0
35400.0,4.0,11.0,8.0
35400.0,5.0,12.0,8.0
35400.0,4.0,13.0,8.0
35400.0,5.0,14.0,8.0
35400.0,4.0,15.0,8.0
35400.0,5.0,16.0,8.0
35400.0,5.0,17.0,8.0
35400.0,5.0,18.0,8.0
35400.0,5.0,19.0,8.0
35400.0,5.0,20.0,8.0
35500.0,4.0,1.0,8.0
35500.0,4.0,2.0,8.0
35500.0,4.0,3.0,8.0
35500.0,5.0,4.0,8.0
35500.0,6.0,5.0,8.0
35500.0,5.0,6.0,8.0
35500.0,4.0,7.0,8.0
35500.0,4.0,8.0,8.0
35500.0,5.0,9.0,8.0
35500.0,5.0,10.0,8.0
35500.0,5.0,11.0,8.0
35500.0,5.0,12.0,8.0
35500.0,4.0,13.0,8.0
35500.0,4.0,14.0,8.0
35500.0,4.0,15.0,8.0
35500.0,5.0,16.0,8.0
35500.0,5.0,17.0,8.0
35500.0,7.0,18.0,8.0
35500.0,7.0,19.0,8.0
35500.0,6.0,20.0,8.0
35600.0,0.0,1.0,8.0
35600.0,0.0,2.0,8.0
35600.0,0.0,3.0,8.0
35600.0,0.0,4.0,8.0
35600.0,0.0,5.0,8.0
35600.0,0.0,6.0,8.0
35600.0,0.0,7.0,8.0
35600.0,0.0,8.0,8.0
35600.0,0.0,9.0,8.0
35600.0,0.0,10.0,8.0
35600.0,1.0,11.0,8.0
35600.0,1.0,12.0,8.0
35600.0,1.0,13.0,8.0
35600.0,1.0,14.0,8.0
35600.0,1.0,15.0,8.0
35600.0,1.0,16.0,8.0
35600.0,1.0,17.0,8.0
35600.0,1.0,18.0,8.0
35600.0,1.0,19.0,8.0
35600.0,0.0,20.0,8.0
35700.0,1.0,1.0,8.0
35700.0,1.0,2.0,8.0
35700.0,1.0,3.0,8.0
35700.0,1.0,4.0,8.0
35700.0,3.0,5.0,8.0
35700.0,1.0,6.0,8.0
35700.0,3.0,7.0,8.0
35700.0,2.0,8.0,8.0
35700.0,3.0,9.0,8.0
35700.0,3.0,10.0,8.0
35700.0,3.0,11.0,8.0
35700.0,3.0,12.0,8.0
35700.0,3.0,13.0,8.0
35700.0,3.0,14.0,8.0
35700.0,4.0,15.0,8.0
35700.0,3.0,16.0,8.0
35700.0,5.0,17.0,8.0
35700.0,5.0,18.0,8.0
35700.0,6.0,19.0,8.0
35700.0,5.0,20.0,8.0
35800.0,0.0,1.0,8.0
35800.0,0.0,2.0,8.0
35800.0,0.0,3.0,8.0
35800.0,0.0,4.0,8.0
35800.0,0.0,5.0,8.0
35800.0,0.0,6.0,8.0
35800.0,0.0,7.0,8.0
35800.0,0.0,8.0,8.0
35800.0,0.0,9.0,8.0
35800.0,0.0,10.0,8.0
35800.0,0.0,11.0,8.0
35800.0,0.0,12.0,8.0
35800.0,0.0,13.0,8.0
35800.0,0.0,14.0,8.0
35800.0,0.0,15.0,8.0
35800.0,0.0,16.0,8.0
35800.0,0.0,17.0,8.0
35800.0,0.0,18.0,8.0
35800.0,0.0,19.0,8.0
35800.0,0.0,20.0,8.0
35900.0,3.0,1.0,8.0
35900.0,3.0,2.0,8.0
35900.0,3.0,3.0,8.0
35900.0,3.0,4.0,8.0
35900.0,2.0,5.0,8.0
35900.0,3.0,6.0,8.0
35900.0,2.0,7.0,8.0
35900.0,2.0,8.0,8.0
35900.0,2.0,9.0,8.0
35900.0,2.0,10.0,8.0
35900.0,2.0,11.0,8.0
35900.0,2.0,12.0,8.0
35900.0,2.0,13.0,8.0
35900.0,2.0,14.0,8.0
35900.0,2.0,15.0,8.0
35900.0,2.0,16.0,8.0
35900.0,2.0,17.0,8.0
35900.0,2.0,18.0,8.0
35900.0,2.0,19.0,8.0
35900.0,2.0,20.0,8.0
36000.0,2.0,1.0,8.0
36000.0,2.0,2.0,8.0
36000.0,1.0,3.0,8.0
36000.0,1.0,4.0,8.0
36000.0,1.0,5.0,8.0
36000.0,1.0,6.0,8.0
36000.0,1.0,7.0,8.0
36000.0,1.0,8.0,8.0
36000.0,1.0,9.0,8.0
36000.0,1.0,10.0,8.0
36000.0,1.0,11.0,8.0
36000.0,1.0,12.0,8.0
36000.0,1.0,13.0,8.0
36000.0,1.0,14.0,8.0
36000.0,1.0,15.0,8.0
36000.0,1.0,16.0,8.0
36000.0,1.0,17.0,8.0
36000.0,1.0,18.0,8.0
36000.0,2.0,19.0,8.0
36000.0,2.0,20.0,8.0
36100.0,4.0,1.0,8.0
36100.0,4.0,2.0,8.0
36100.0,4.0,3.0,8.0
36100.0,4.0,4.0,8.0
36100.0,5.0,5.0,8.0
36100.0,4.0,6.0,8.0
36100.0,4.0,7.0,8.0
36100.0,4.0,8.0,8.0
36100.0,5.0,9.0,8.0
36100.0,6.0,10.0,8.0
36100.0,6.0,11.0,8.0
36100.0,6.0,12.0,8.0
36100.0,6.0,13.0,8.0
36100.0,5.0,14.0,8.0
36100.0,6.0,15.0,8.0
36100.0,6.0,16.0,8.0
36100.0,6.0,17.0,8.0
36100.0,6.0,18.0,8.0
36100.0,6.0,19.0,8.0
36100.0,6.0,20.0,8.0
36200.0,2.0,1.0,8.0
36200.0,2.0,2.0,8.0
36200.0,3.0,3.0,8.0
36200.0,3.0,4.0,8.0
36200.0,3.0,5.0,8.0
36200.0,3.0,6.0,8.0
36200.0,3.0,7.0,8.0
36200.0,3.0,8.0,8.0
36200.0,4.0,9.0,8.0
36200.0,4.0,10.0,8.0
36200.0,4.0,11.0,8.0
36200.0,4.0,12.0,8.0
36200.0,4.0,13.0,8.0
36200.0,4.0,14.0,8.0
36200.0,4.0,15.0,8.0
36200.0,4.0,16.0,8.0
36200.0,3.0,17.0,8.0
36200.0,4.0,18.0,8.0
36200.0,4.0,19.0,8.0
36200.0,3.0,20.0,8.0
36300.0,3.0,1.0,8.0
36300.0,3.0,2.0,8.0
36300.0,2.0,3.0,8.0
36300.0,1.0,4.0,8.0
36300.0,1.0,5.0,8.0
36300.0,1.0,6.0,8.0
36300.0,1.0,7.0,8.0
36300.0,1.0,8.0,8.0
36300.0,1.0,9.0,8.0
36300.0,1.0,10.0,8.0
36300.0,2.0,11.0,8.0
36300.0,1.0,12.0,8.0
36300.0,1.0,13.0,8.0
36300.0,1.0,14.0,8.0
36300.0,1.0,15.0,8.0
36300.0,1.0,16.0,8.0
36300.0,1.0,17.0,8.0
36300.0,1.0,18.0,8.0
36300.0,1.0,19.0,8.0
36300.0,1.0,20.0,8.0
36400.0,0.0,1.0,8.0
36400.0,0.0,2.0,8.0
36400.0,1.0,3.0,8.0
36400.0,1.0,4.0,8.0
36400.0,1.0,5.0,8.0
36400.0,1.0,6.0,8.0
36400.0,1.0,7.0,8.0
36400.0,1.0,8.0,8.0
36400.0,1.0,9.0,8.0
36400.0,1.0,10.0,8.0
36400.0,1.0,11.0,8.0
36400.0,1.0,12.0,8.0
36400.0,1.0,13.0,8.0
36400.0,1.0,14.0,8.0
36400.0,1.0,15.0,8.0
36400.0,1.0,16.0,8.0
36400.0,1.0,17.0,8.0
36400.0,1.0,18.0,8.0
36400.0,1.0,19.0,8.0
36400.0,1.0,20.0,8.0
36500.0,2.0,1.0,8.0
36500.0,2.0,2.0,8.0
36500.0,3.0,3.0,8.0
36500.0,2.0,4.0,8.0
36500.0,4.0,5.0,8.0
36500.0,4.0,6.0,8.0
36500.0,6.0,7.0,8.0
36500.0,4.0,8.0,8.0
36500.0,5.0,9.0,8.0
36500.0,5.0,10.0,8.0
36500.0,5.0,11.0,8.0
36500.0,6.0,12.0,8.0
36500.0,6.0,13.0,8.0
36500.0,5.0,14.0,8.0
36500.0,6.0,15.0,8.0
36500.0,5.0,16.0,8.0
36500.0,5.0,17.0,8.0
36500.0,5.0,18.0,8.0
36500.0,6.0,19.0,8.0
36500.0,6.0,20.0,8.0
36600.0,1.0,1.0,8.0
36600.0,1.0,2.0,8.0
36600.0,1.0,3.0,8.0
36600.0,1.0,4.0,8.0
36600.0,1.0,5.0,8.0
36600.0,0.0,6.0,8.0
36600.0,1.0,7.0,8.0
36600.0,1.0,8.0,8.0
36600.0,1.0,9.0,8.0
36600.0,1.0,10.0,8.0
36600.0,1.0,11.0,8.0
36600.0,1.0,12.0,8.0
36600.0,2.0,13.0,8.0
36600.0,2.0,14.0,8.0
36600.0,2.0,15.0,8.0
36600.0,2.0,16.0,8.0
36600.0,3.0,17.0,8.0
36600.0,3.0,18.0,8.0
36600.0,3.0,19.0,8.0
36600.0,3.0,20.0,8.0
36700.0,0.0,1.0,8.0
36700.0,0.0,2.0,8.0
36700.0,0.0,3.0,8.0
36700.0,0.0,4.0,8.0
36700.0,0.0,5.0,8.0
36700.0,0.0,6.0,8.0
36700.0,1.0,7.0,8.0
36700.0,1.0,8.0,8.0
36700.0,1.0,9.0,8.0
36700.0,1.0,10.0,8.0
36700.0,1.0,11.0,8.0
36700.0,1.0,12.0,8.0
36700.0,1.0,13.0,8.0
36700.0,1.0,14.0,8.0
36700.0,1.0,15.0,8.0
36700.0,1.0,16.0,8.0
36700.0,1.0,17.0,8.0
36700.0,1.0,18.0,8.0
36700.0,1.0,19.0,8.0
36700.0,1.0,20.0,8.0
36800.0,2.0,1.0,8.0
36800.0,2.0,2.0,8.0
36800.0,1.0,3.0,8.0
36800.0,2.0,4.0,8.0
36800.0,2.0,5.0,8.0
36800.0,2.0,6.0,8.0
36800.0,2.0,7.0,8.0
36800.0,2.0,8.0,8.0
36800.0,2.0,9.0,8.0
36800.0,2.0,10.0,8.0
36800.0,2.0,11.0,8.0
36800.0,2.0,12.0,8.0
36800.0,2.0,13.0,8.0
36800.0,2.0,14.0,8.0
36800.0,2.0,15.0,8.0
36800.0,2.0,16.0,8.0
36800.0,2.0,17.0,8.0
36800.0,2.0,18.0,8.0
36800.0,2.0,19.0,8.0
36800.0,2.0,20.0,8.0
36900.0,3.0,1.0,8.0
36900.0,3.0,2.0,8.0
36900.0,5.0,3.0,8.0
36900.0,5.0,4.0,8.0
36900.0,4.0,5.0,8.0
36900.0,4.0,6.0,8.0
36900.0,4.0,7.0,8.0
36900.0,4.0,8.0,8.0
36900.0,5.0,9.0,8.0
36900.0,5.0,10.0,8.0
36900.0,4.0,11.0,8.0
36900.0,5.0,12.0,8.0
36900.0,5.0,13.0,8.0
36900.0,4.0,14.0,8.0
36900.0,4.0,15.0,8.0
36900.0,4.0,16.0,8.0
36900.0,4.0,17.0,8.0
36900.0,4.0,18.0,8.0
36900.0,4.0,19.0,8.0
36900.0,4.0,20.0,8.0
37000.0,2.0,1.0,8.0
37000.0,2.0,2.0,8.0
37000.0,1.0,3.0,8.0
37000.0,2.0,4.0,8.0
37000.0,2.0,5.0,8.0
37000.0,2.0,6.0,8.0
37000.0,2.0,7.0,8.0
37000.0,3.0,8.0,8.0
37000.0,3.0,9.0,8.0
37000.0,3.0,10.0,8.0
37000.0,3.0,11.0,8.0
37000.0,2.0,12.0,8.0
37000.0,3.0,13.0,8.0
37000.0,2.0,14.0,8.0
37000.0,2.0,15.0,8.0
37000.0,2.0,16.0,8.0
37000.0,2.0,17.0,8.0
37000.0,2.0,18.0,8.0
37000.0,3.0,19.0,8.0
37000.0,3.0,20.0,8.0
37100.0,4.0,1.0,8.0
37100.0,4.0,2.0,8.0
37100.0,3.0,3.0,8.0
37100.0,3.0,4.0,8.0
37100.0,2.0,5.0,8.0
37100.0,3.0,6.0,8.0
37100.0,3.0,7.0,8.0
37100.0,3.0,8.0,8.0
37100.0,4.0,9.0,8.0
37100.0,3.0,10.0,8.0
37100.0,3.0,11.0,8.0
37100.0,3.0,12.0,8.0
37100.0,3.0,13.0,8.0
37100.0,3.0,14.0,8.0
37100.0,4.0,15.0,8.0
37100.0,4.0,16.0,8.0
37100.0,4.0,17.0,8.0
37100.0,4.0,18.0,8.0
37100.0,5.0,19.0,8.0
37100.0,4.0,20.0,8.0
37200.0,1.0,1.0,8.0
37200.0,1.0,2.0,8.0
37200.0,1.0,3.0,8.0
37200.0,1.0,4.0,8.0
37200.0,3.0,5.0,8.0
37200.0,0.0,6.0,8.0
37200.0,1.0,7.0,8.0
37200.0,1.0,8.0,8.0
37200.0,1.0,9.0,8.0
37200.0,1.0,10.0,8.0
37200.0,1.0,11.0,8.0
37200.0,2.0,12.0,8.0
37200.0,2.0,13.0,8.0
37200.0,2.0,14.0,8.0
37200.0,2.0,15.0,8.0
37200.0,2.0,16.0,8.0
37200.0,2.0,17.0,8.0
37200.0,2.0,18.0,8.0
37200.0,2.0,19.0,8.0
37200.0,2.0,20.0,8.0
37300.0,0.0,1.0,8.0
37300.0,0.0,2.0,8.0
37300.0,2.0,3.0,8.0
37300.0,2.0,4.0,8.0
37300.0,2.0,5.0,8.0
37300.0,2.0,6.0,8.0
37300.0,2.0,7.0,8.0
37300.0,2.0,8.0,8.0
37300.0,2.0,9.0,8.0
37300.0,2.0,10.0,8.0
37300.0,2.0,11.0,8.0
37300.0,2.0,12.0,8.0
37300.0,2.0,13.0,8.0
37300.0,2.0,14.0,8.0
37300.0,2.0,15.0,8.0
37300.0,2.0,16.0,8.0
37300.0,2.0,17.0,8.0
37300.0,2.0,18.0,8.0
37300.0,2.0,19.0,8.0
37300.0,2.0,20.0,8.0
37400.0,5.0,1.0,8.0
37400.0,5.0,2.0,8.0
37400.0,2.0,3.0,8.0
37400.0,2.0,4.0,8.0
37400.0,2.0,5.0,8.0
37400.0,2.0,6.0,8.0
37400.0,3.0,7.0,8.0
37400.0,4.0,8.0,8.0
37400.0,2.0,9.0,8.0
37400.0,2.0,10.0,8.0
37400.0,2.0,11.0,8.0
37400.0,3.0,12.0,8.0
37400.0,3.0,13.0,8.0
37400.0,3.0,14.0,8.0
37400.0,3.0,15.0,8.0
37400.0,4.0,16.0,8.0
37400.0,3.0,17.0,8.0
37400.0,4.0,18.0,8.0
37400.0,3.0,19.0,8.0
37400.0,4.0,20.0,8.0
37500.0,3.0,1.0,8.0
37500.0,3.0,2.0,8.0
37500.0,3.0,3.0,8.0
37500.0,3.0,4.0,8.0
37500.0,3.0,5.0,8.0
37500.0,3.0,6.0,8.0
37500.0,3.0,7.0,8.0
37500.0,3.0,8.0,8.0
37500.0,3.0,9.0,8.0
37500.0,3.0,10.0,8.0
37500.0,3.0,11.0,8.0
37500.0,3.0,12.0,8.0
37500.0,3.0,13.0,8.0
37500.0,3.0,14.0,8.0
37500.0,3.0,15.0,8.0
37500.0,3.0,16.0,8.0
37500.0,3.0,17.0,8.0
37500.0,3.0,18.0,8.0
37500.0,3.0,19.0,8.0
37500.0,3.0,20.0,8.0
37600.0,3.0,1.0,8.0
37600.0,3.0,2.0,8.0
37600.0,2.0,3.0,8.0
37600.0,4.0,4.0,8.0
37600.0,3.0,5.0,8.0
37600.0,4.0,6.0,8.0
37600.0,5.0,7.0,8.0
37600.0,5.0,8.0,8.0
37600.0,5.0,9.0,8.0
37600.0,6.0,10.0,8.0
37600.0,5.0,11.0,8.0
37600.0,5.0,12.0,8.0
37600.0,6.0,13.0,8.0
37600.0,6.0,14.0,8.0
37600.0,7.0,15.0,8.0
37600.0,7.0,16.0,8.0
37600.0,7.0,17.0,8.0
37600.0,7.0,18.0,8.0
37600.0,7.0,19.0,8.0
37600.0,7.0,20.0,8.0
37700.0,1.0,1.0,8.0
37700.0,1.0,2.0,8.0
37700.0,1.0,3.0,8.0
37700.0,1.0,4.0,8.0
37700.0,1.0,5.0,8.0
37700.0,1.0,6.0,8.0
37700.0,1.0,7.0,8.0
37700.0,1.0,8.0,8.0
37700.0,1.0,9.0,8.0
37700.0,1.0,10.0,8.0
37700.0,1.0,11.0,8.0
37700.0,1.0,12.0,8.0
37700.0,1.0,13.0,8.0
37700.0,1.0,14.0,8.0
37700.0,1.0,15.0,8.0
37700.0,1.0,16.0,8.0
37700.0,1.0,17.0,8.0
37700.0,1.0,18.0,8.0
37700.0,1.0,19.0,8.0
37700.0,1.0,20.0,8.0
37800.0,2.0,1.0,8.0
37800.0,2.0,2.0,8.0
37800.0,1.0,3.0,8.0
37800.0,1.0,4.0,8.0
37800.0,3.0,5.0,8.0
37800.0,3.0,6.0,8.0
37800.0,3.0,7.0,8.0
37800.0,3.0,8.0,8.0
37800.0,3.0,9.0,8.0
37800.0,3.0,10.0,8.0
37800.0,3.0,11.0,8.0
37800.0,3.0,12.0,8.0
37800.0,3.0,13.0,8.0
37800.0,3.0,14.0,8.0
37800.0,3.0,15.0,8.0
37800.0,3.0,16.0,8.0
37800.0,3.0,17.0,8.0
37800.0,3.0,18.0,8.0
37800.0,3.0,19.0,8.0
37800.0,3.0,20.0,8.0
37900.0,4.0,1.0,8.0
37900.0,4.0,2.0,8.0
37900.0,4.0,3.0,8.0
37900.0,4.0,4.0,8.0
37900.0,4.0,5.0,8.0
37900.0,4.0,6.0,8.0
37900.0,4.0,7.0,8.0
37900.0,4.0,8.0,8.0
37900.0,4.0,9.0,8.0
37900.0,4.0,10.0,8.0
37900.0,4.0,11.0,8.0
37900.0,4.0,12.0,8.0
37900.0,4.0,13.0,8.0
37900.0,4.0,14.0,8.0
37900.0,4.0,15.0,8.0
37900.0,4.0,16.0,8.0
37900.0,4.0,17.0,8.0
37900.0,4.0,18.0,8.0
37900.0,4.0,19.0,8.0
37900.0,4.0,20.0,8.0
38000.0,1.0,1.0,8.0
38000.0,1.0,2.0,8.0
38000.0,2.0,3.0,8.0
38000.0,1.0,4.0,8.0
38000.0,2.0,5.0,8.0
38000.0,1.0,6.0,8.0
38000.0,1.0,7.0,8.0
38000.0,1.0,8.0,8.0
38000.0,1.0,9.0,8.0
38000.0,1.0,10.0,8.0
38000.0,2.0,11.0,8.0
38000.0,2.0,12.0,8.0
38000.0,2.0,13.0,8.0
38000.0,2.0,14.0,8.0
38000.0,2.0,15.0,8.0
38000.0,2.0,16.0,8.0
38000.0,2.0,17.0,8.0
38000.0,2.0,18.0,8.0
38000.0,2.0,19.0,8.0
38000.0,2.0,20.0,8.0
38100.0,2.0,1.0,8.0
38100.0,2.0,2.0,8.0
38100.0,2.0,3.0,8.0
38100.0,2.0,4.0,8.0
38100.0,2.0,5.0,8.0
38100.0,2.0,6.0,8.0
38100.0,2.0,7.0,8.0
38100.0,2.0,8.0,8.0
38100.0,2.0,9.0,8.0
38100.0,2.0,10.0,8.0
38100.0,2.0,11.0,8.0
38100.0,2.0,12.0,8.0
38100.0,2.0,13.0,8.0
38100.0,2.0,14.0,8.0
38100.0,2.0,15.0,8.0
38100.0,3.0,16.0,8.0
38100.0,3.0,17.0,8.0
38100.0,3.0,18.0,8.0
38100.0,3.0,19.0,8.0
38100.0,3.0,20.0,8.0
38200.0,1.0,1.0,8.0
38200.0,1.0,2.0,8.0
38200.0,0.0,3.0,8.0
38200.0,0.0,4.0,8.0
38200.0,0.0,5.0,8.0
38200.0,0.0,6.0,8.0
38200.0,0.0,7.0,8.0
38200.0,0.0,8.0,8.0
38200.0,1.0,9.0,8.0
38200.0,1.0,10.0,8.0
38200.0,1.0,11.0,8.0
38200.0,1.0,12.0,8.0
38200.0,1.0,13.0,8.0
38200.0,1.0,14.0,8.0
38200.0,1.0,15.0,8.0
38200.0,1.0,16.0,8.0
38200.0,1.0,17.0,8.0
38200.0,1.0,18.0,8.0
38200.0,2.0,19.0,8.0
38200.0,2.0,20.0,8.0
38300.0,0.0,1.0,8.0
38300.0,0.0,2.0,8.0
38300.0,0.0,3.0,8.0
38300.0,0.0,4.0,8.0
38300.0,0.0,5.0,8.0
38300.0,0.0,6.0,8.0
38300.0,0.0,7.0,8.0
38300.0,0.0,8.0,8.0
38300.0,0.0,9.0,8.0
38300.0,0.0,10.0,8.0
38300.0,0.0,11.0,8.0
38300.0,0.0,12.0,8.0
38300.0,0.0,13.0,8.0
38300.0,0.0,14.0,8.0
38300.0,1.0,15.0,8.0
38300.0,1.0,16.0,8.0
38300.0,1.0,17.0,8.0
38300.0,1.0,18.0,8.0
38300.0,1.0,19.0,8.0
38300.0,1.0,20.0,8.0
38400.0,4.0,1.0,8.0
38400.0,4.0,2.0,8.0
38400.0,4.0,3.0,8.0
38400.0,4.0,4.0,8.0
38400.0,5.0,5.0,8.0
38400.0,5.0,6.0,8.0
38400.0,5.0,7.0,8.0
38400.0,5.0,8.0,8.0
38400.0,5.0,9.0,8.0
38400.0,6.0,10.0,8.0
38400.0,5.0,11.0,8.0
38400.0,5.0,12.0,8.0
38400.0,5.0,13.0,8.0
38400.0,5.0,14.0,8.0
38400.0,5.0,15.0,8.0
38400.0,5.0,16.0,8.0
38400.0,5.0,17.0,8.0
38400.0,5.0,18.0,8.0
38400.0,5.0,19.0,8.0
38400.0,5.0,20.0,8.0
38500.0,1.0,1.0,8.0
38500.0,1.0,2.0,8.0
38500.0,1.0,3.0,8.0
38500.0,1.0,4.0,8.0
38500.0,1.0,5.0,8.0
38500.0,2.0,6.0,8.0
38500.0,1.0,7.0,8.0
38500.0,2.0,8.0,8.0
38500.0,2.0,9.0,8.0
38500.0,1.0,10.0,8.0
38500.0,0.0,11.0,8.0
38500.0,1.0,12.0,8.0
38500.0,1.0,13.0,8.0
38500.0,1.0,14.0,8.0
38500.0,1.0,15.0,8.0
38500.0,1.0,16.0,8.0
38500.0,1.0,17.0,8.0
38500.0,1.0,18.0,8.0
38500.0,1.0,19.0,8.0
38500.0,1.0,20.0,8.0
38600.0,3.0,1.0,8.0
38600.0,3.0,2.0,8.0
38600.0,3.0,3.0,8.0
38600.0,3.0,4.0,8.0
38600.0,3.0,5.0,8.0
38600.0,3.0,6.0,8.0
38600.0,3.0,7.0,8.0
38600.0,3.0,8.0,8.0
38600.0,3.0,9.0,8.0
38600.0,3.0,10.0,8.0
38600.0,4.0,11.0,8.0
38600.0,3.0,12.0,8.0
38600.0,3.0,13.0,8.0
38600.0,3.0,14.0,8.0
38600.0,3.0,15.0,8.0
38600.0,4.0,16.0,8.0
38600.0,4.0,17.0,8.0
38600.0,4.0,18.0,8.0
38600.0,4.0,19.0,8.0
38600.0,4.0,20.0,8.0
38700.0,2.0,1.0,8.0
38700.0,2.0,2.0,8.0
38700.0,2.0,3.0,8.0
38700.0,2.0,4.0,8.0
38700.0,1.0,5.0,8.0
38700.0,1.0,6.0,8.0
38700.0,3.0,7.0,8.0
38700.0,2.0,8.0,8.0
38700.0,2.0,9.0,8.0
38700.0,2.0,10.0,8.0
38700.0,2.0,11.0,8.0
38700.0,2.0,12.0,8.0
38700.0,2.0,13.0,8.0
38700.0,2.0,14.0,8.0
38700.0,2.0,15.0,8.0
38700.0,3.0,16.0,8.0
38700.0,2.0,17.0,8.0
38700.0,2.0,18.0,8.0
38700.0,3.0,19.0,8.0
38700.0,3.0,20.0,8.0
38800.0,1.0,1.0,8.0
38800.0,1.0,2.0,8.0
38800.0,4.0,3.0,8.0
38800.0,3.0,4.0,8.0
38800.0,4.0,5.0,8.0
38800.0,5.0,6.0,8.0
38800.0,4.0,7.0,8.0
38800.0,3.0,8.0,8.0
38800.0,3.0,9.0,8.0
38800.0,3.0,10.0,8.0
38800.0,3.0,11.0,8.0
38800.0,4.0,12.0,8.0
38800.0,4.0,13.0,8.0
38800.0,4.0,14.0,8.0
38800.0,4.0,15.0,8.0
38800.0,4.0,16.0,8.0
38800.0,4.0,17.0,8.0
38800.0,4.0,18.0,8.0
38800.0,4.0,19.0,8.0
38800.0,4.0,20.0,8.0
38900.0,1.0,1.0,8.0
38900.0,1.0,2.0,8.0
38900.0,0.0,3.0,8.0
38900.0,1.0,4.0,8.0
38900.0,1.0,5.0,8.0
38900.0,1.0,6.0,8.0
38900.0,0.0,7.0,8.0
38900.0,0.0,8.0,8.0
38900.0,0.0,9.0,8.0
38900.0,0.0,10.0,8.0
38900.0,0.0,11.0,8.0
38900.0,0.0,12.0,8.0
38900.0,0.0,13.0,8.0
38900.0,0.0,14.0,8.0
38900.0,0.0,15.0,8.0
38900.0,0.0,16.0,8.0
38900.0,0.0,17.0,8.0
38900.0,0.0,18.0,8.0
38900.0,0.0,19.0,8.0
38900.0,0.0,20.0,8.0
39000.0,1.0,1.0,8.0
39000.0,1.0,2.0,8.0
39000.0,1.0,3.0,8.0
39000.0,1.0,4.0,8.0
39000.0,1.0,5.0,8.0
39000.0,1.0,6.0,8.0
39000.0,1.0,7.0,8.0
39000.0,1.0,8.0,8.0
39000.0,1.0,9.0,8.0
39000.0,1.0,10.0,8.0
39000.0,1.0,11.0,8.0
39000.0,1.0,12.0,8.0
39000.0,1.0,13.0,8.0
39000.0,1.0,14.0,8.0
39000.0,1.0,15.0,8.0
39000.0,1.0,16.0,8.0
39000.0,1.0,17.0,8.0
39000.0,2.0,18.0,8.0
39000.0,1.0,19.0,8.0
39000.0,2.0,20.0,8.0
39100.0,2.0,1.0,8.0
39100.0,2.0,2.0,8.0
39100.0,1.0,3.0,8.0
39100.0,1.0,4.0,8.0
39100.0,1.0,5.0,8.0
39100.0,2.0,6.0,8.0
39100.0,2.0,7.0,8.0
39100.0,2.0,8.0,8.0
39100.0,2.0,9.0,8.0
39100.0,2.0,10.0,8.0
39100.0,1.0,11.0,8.0
39100.0,1.0,12.0,8.0
39100.0,1.0,13.0,8.0
39100.0,2.0,14.0,8.0
39100.0,1.0,15.0,8.0
39100.0,1.0,16.0,8.0
39100.0,1.0,17.0,8.0
39100.0,1.0,18.0,8.0
39100.0,1.0,19.0,8.0
39100.0,1.0,20.0,8.0
39200.0,1.0,1.0,8.0
39200.0,1.0,2.0,8.0
39200.0,1.0,3.0,8.0
39200.0,1.0,4.0,8.0
39200.0,1.0,5.0,8.0
39200.0,1.0,6.0,8.0
39200.0,1.0,7.0,8.0
39200.0,1.0,8.0,8.0
39200.0,1.0,9.0,8.0
39200.0,1.0,10.0,8.0
39200.0,1.0,11.0,8.0
39200.0,1.0,12.0,8.0
39200.0,1.0,13.0,8.0
39200.0,1.0,14.0,8.0
39200.0,1.0,15.0,8.0
39200.0,1.0,16.0,8.0
39200.0,1.0,17.0,8.0
39200.0,1.0,18.0,8.0
39200.0,1.0,19.0,8.0
39200.0,1.0,20.0,8.0
39300.0,2.0,1.0,8.0
39300.0,2.0,2.0,8.0
39300.0,2.0,3.0,8.0
39300.0,2.0,4.0,8.0
39300.0,1.0,5.0,8.0
39300.0,1.0,6.0,8.0
39300.0,2.0,7.0,8.0
39300.0,2.0,8.0,8.0
39300.0,2.0,9.0,8.0
39300.0,2.0,10.0,8.0
39300.0,2.0,11.0,8.0
39300.0,3.0,12.0,8.0
39300.0,3.0,13.0,8.0
39300.0,3.0,14.0,8.0
39300.0,3.0,15.0,8.0
39300.0,3.0,16.0,8.0
39300.0,3.0,17.0,8.0
39300.0,3.0,18.0,8.0
39300.0,3.0,19.0,8.0
39300.0,3.0,20.0,8.0
39400.0,8.0,1.0,8.0
39400.0,8.0,2.0,8.0
39400.0,7.0,3.0,8.0
39400.0,6.0,4.0,8.0
39400.0,6.0,5.0,8.0
39400.0,7.0,6.0,8.0
39400.0,9.0,7.0,8.0
39400.0,7.0,8.0,8.0
39400.0,10.0,9.0,8.0
39400.0,10.0,10.0,8.0
39400.0,10.0,11.0,8.0
39400.0,9.0,12.0,8.0
39400.0,10.0,13.0,8.0
39400.0,9.0,14.0,8.0
39400.0,9.0,15.0,8.0
39400.0,9.0,16.0,8.0
39400.0,9.0,17.0,8.0
39400.0,9.0,18.0,8.0
39400.0,9.0,19.0,8.0
39400.0,9.0,20.0,8.0
39500.0,3.0,1.0,8.0
39500.0,3.0,2.0,8.0
39500.0,3.0,3.0,8.0
39500.0,2.0,4.0,8.0
39500.0,4.0,5.0,8.0
39500.0,3.0,6.0,8.0
39500.0,4.0,7.0,8.0
39500.0,3.0,8.0,8.0
39500.0,3.0,9.0,8.0
39500.0,3.0,10.0,8.0
39500.0,4.0,11.0,8.0
39500.0,4.0,12.0,8.0
39500.0,4.0,13.0,8.0
39500.0,4.0,14.0,8.0
39500.0,4.0,15.0,8.0
39500.0,4.0,16.0,8.0
39500.0,4.0,17.0,8.0
39500.0,4.0,18.0,8.0
39500.0,4.0,19.0,8.0
39500.0,4.0,20.0,8.0
39600.0,0.0,1.0,8.0
39600.0,0.0,2.0,8.0
39600.0,0.0,3.0,8.0
39600.0,0.0,4.0,8.0
39600.0,0.0,5.0,8.0
39600.0,0.0,6.0,8.0
39600.0,1.0,7.0,8.0
39600.0,1.0,8.0,8.0
39600.0,1.0,9.0,8.0
39600.0,1.0,10.0,8.0
39600.0,1.0,11.0,8.0
39600.0,1.0,12.0,8.0
39600.0,1.0,13.0,8.0
39600.0,1.0,14.0,8.0
39600.0,1.0,15.0,8.0
39600.0,1.0,16.0,8.0
39600.0,1.0,17.0,8.0
39600.0,1.0,18.0,8.0
39600.0,1.0,19.0,8.0
39600.0,1.0,20.0,8.0
39700.0,4.0,1.0,8.0
39700.0,4.0,2.0,8.0
39700.0,4.0,3.0,8.0
39700.0,4.0,4.0,8.0
39700.0,3.0,5.0,8.0
39700.0,3.0,6.0,8.0
39700.0,2.0,7.0,8.0
39700.0,2.0,8.0,8.0
39700.0,2.0,9.0,8.0
39700.0,2.0,10.0,8.0
39700.0,3.0,11.0,8.0
39700.0,4.0,12.0,8.0
39700.0,3.0,13.0,8.0
39700.0,3.0,14.0,8.0
39700.0,4.0,15.0,8.0
39700.0,4.0,16.0,8.0
39700.0,4.0,17.0,8.0
39700.0,4.0,18.0,8.0
39700.0,4.0,19.0,8.0
39700.0,4.0,20.0,8.0
39800.0,1.0,1.0,8.0
39800.0,1.0,2.0,8.0
39800.0,3.0,3.0,8.0
39800.0,2.0,4.0,8.0
39800.0,3.0,5.0,8.0
39800.0,2.0,6.0,8.0
39800.0,3.0,7.0,8.0
39800.0,4.0,8.0,8.0
39800.0,4.0,9.0,8.0
39800.0,4.0,10.0,8.0
39800.0,4.0,11.0,8.0
39800.0,4.0,12.0,8.0
39800.0,5.0,13.0,8.0
39800.0,5.0,14.0,8.0
39800.0,5.0,15.0,8.0
39800.0,4.0,16.0,8.0
39800.0,4.0,17.0,8.0
39800.0,4.0,18.0,8.0
39800.0,4.0,19.0,8.0
39800.0,5.0,20.0,8.0
39900.0,3.0,1.0,8.0
39900.0,3.0,2.0,8.0
39900.0,4.0,3.0,8.0
39900.0,3.0,4.0,8.0
39900.0,3.0,5.0,8.0
39900.0,3.0,6.0,8.0
39900.0,2.0,7.0,8.0
39900.0,2.0,8.0,8.0
39900.0,3.0,9.0,8.0
39900.0,3.0,10.0,8.0
39900.0,4.0,11.0,8.0
39900.0,3.0,12.0,8.0
39900.0,4.0,13.0,8.0
39900.0,3.0,14.0,8.0
39900.0,5.0,15.0,8.0
39900.0,4.0,16.0,8.0
39900.0,5.0,17.0,8.0
39900.0,5.0,18.0,8.0
39900.0,6.0,19.0,8.0
39900.0,6.0,20.0,8.0
40000.0,2.0,1.0,8.0
40000.0,2.0,2.0,8.0
40000.0,1.0,3.0,8.0
40000.0,1.0,4.0,8.0
40000.0,1.0,5.0,8.0
40000.0,2.0,6.0,8.0
40000.0,3.0,7.0,8.0
40000.0,3.0,8.0,8.0
40000.0,3.0,9.0,8.0
40000.0,3.0,10.0,8.0
40000.0,3.0,11.0,8.0
40000.0,2.0,12.0,8.0
40000.0,2.0,13.0,8.0
40000.0,2.0,14.0,8.0
40000.0,3.0,15.0,8.0
40000.0,3.0,16.0,8.0
40000.0,3.0,17.0,8.0
40000.0,3.0,18.0,8.0
40000.0,3.0,19.0,8.0
40000.0,3.0,20.0,8.0